1336264200000
1321147800000
1340497800000
1321752600000
1348965000000
1324776600000
1365899400000
1354411800000
1374971400000
1350174600000
1343521800000
1326591000000
1334449800000
1366504200000
1365294600000
1379809800000
1368923400000
1358645400000
1319934600000
1341707400000
1360459800000
1329615000000
1342917000000
1333240200000
1333845000000
1366504200000
1358645400000
1368318600000
1337473800000
1368318600000
1333845000000
1324171800000
1330219800000
1348360200000
1367109000000
1376181000000
1342312200000
1378600200000
1349569800000
1354411800000
1355621400000
1368923400000
1328405400000
1339288200000
1350779400000
1341707400000
1351384200000
1372552200000
1336264200000
1346545800000
1371947400000
1319934600000
1362879000000
1324776600000
1376181000000
1345941000000
1328405400000
1363483800000
1358645400000
1330219800000
1345941000000
1321147800000
1321147800000
1328405400000
1322962200000
1373157000000
1328405400000
1329010200000
1348360200000
1326591000000
1358645400000
1329615000000
1365294600000
1332034200000
1375576200000
1376785800000
1341707400000
1355016600000
1357435800000
1368923400000
1330219800000
1368318600000
1362274200000
1368923400000
1325381400000
1362274200000
1366504200000
1333845000000
1348965000000
1360459800000
1351384200000
1329615000000
1339288200000
1378600200000
1335054600000
1374366600000
1330824600000
1370737800000
1327800600000
1340497800000
