1543541400000
1419903000000
1553909400000
1430353800000
1435624200000
1501374600000
1475195400000
1443573000000
1509327000000
1435624200000
1459297800000
1456709400000
1485739800000
1432945800000
1351560600000
1467246600000
1377822600000
1427675400000
1553909400000
1467246600000
1501374600000
1472517000000
1472517000000
1454117400000
1414632600000
1480469400000
1530318600000
1380501000000
1512005400000
1425087000000
1383096600000
1569803400000
1383096600000
1335745800000
1512005400000
1362015000000
1341016200000
1464568200000
1506731400000
1580347800000
1385775000000
1351560600000
1514597400000
1393551000000
1414632600000
1559176200000
1343608200000
1469838600000
1425087000000
1477787400000
1393551000000
1548811800000
1322616600000
1504053000000
1322616600000
1525048200000
1546133400000
1412037000000
1561854600000
1427675400000
1401409800000
1398817800000
1338337800000
1446168600000
1440894600000
1338337800000
1367281800000
1430353800000
1498782600000
1472517000000
1580347800000
1327887000000
1385775000000
1409358600000
1377822600000
1546133400000
1406680200000
1333067400000
1454117400000
1540863000000
1501374600000
1530318600000
1446168600000
1467246600000
1388367000000
1532910600000
1367281800000
1477787400000
1575077400000
1322616600000
1333067400000
1422581400000
1456709400000
1543541400000
1419903000000
1522369800000
1385775000000
1446168600000
1532910600000
1422581400000
