2392939800000
1572399000000
3118786200000
1982709000000
3024091800000
2803167000000
2929397400000
4444075800000
1698629400000
3118786200000
4002399000000
1477787400000
3308088600000
2645400600000
2392939800000
2424475800000
1572399000000
2298245400000
3308088600000
2487634200000
3465855000000
3560549400000
2298245400000
2740095000000
3402779400000
2992555800000
3749934600000
1351560600000
3055624200000
3686779800000
1667089800000
2708469000000
4286309400000
2203547400000
4349377800000
1540863000000
2266709400000
1635553800000
1951090200000
4444075800000
2487634200000
3781470600000
4160075400000
1667089800000
2960933400000
2424475800000
3181858200000
1919554200000
3118786200000
3497477400000
2140479000000
2392939800000
2613864600000
3813010200000
4381003800000
4097007000000
3939237000000
3970773000000
1793323800000
3813010200000
3024091800000
4286309400000
4160075400000
4033935000000
1383096600000
4033935000000
3844546200000
3560549400000
3749934600000
1540863000000
3087160200000
3813010200000
1951090200000
3529013400000
3970773000000
1730251800000
3781470600000
2582242200000
1698629400000
1951090200000
2740095000000
3686779800000
1951090200000
3907704600000
3213394200000
3213394200000
2487634200000
3686779800000
3465855000000
2519166600000
1761787800000
3308088600000
2708469000000
2392939800000
3529013400000
3876168600000
3339624600000
2771631000000
4065471000000
3718315800000
