251 0
229 0
232 0
254 0
253 0
224 0
215 0
250 0
247 0
254 0
253 0
243 0
211 0
234 0
199 0
246 0
248 0
255 0
191 0
208 0
247 0
244 0
206 0
251 0
253 0
150 0
245 0
255 0
247 0
246 0
249 0
240 0
255 0
253 0
255 0
255 0
235 0
255 0
250 0
147 0
226 0
255 0
245 0
255 0
237 0
255 0
254 0
122 0
244 0
247 0
228 0
252 0
249 0
251 0
228 0
52 0
255 0
236 0
255 0
254 0
188 0
236 0
242 0
255 0
254 0
250 0
244 0
179 0
255 0
240 0
255 0
221 0
123 0
255 0
235 0
239 0
254 0
203 0
13 0
253 0
253 0
174 0
249 0
252 0
253 0
99 0
63 0
249 0
251 0
240 0
186 0
253 0
224 0
243 0
255 0
250 0
246 0
255 0
221 0
217 0
