0.0 5.18513680174718E14
1.0 6.7454000003522E14
-1.0 3.4071499000462E14
1.0 7.59669396366684E14
1.0 1.575921633771065E15
1.0 8.64699832245429E14
-1.0 3.04074793522476E14
-1.0 1.334496112295808E15
-1.0 4.793187506550183E15
-1.0 1.581853544276565E15
0.0 2.395473144488802E15
0.0 4.05777124876609E14
0.0 2.620327863526313E15
1.0 4.9651870513815E14
-1.0 3.985293572593515E15
0.0 6.37020412725152E14
1.0 1.064530737992384E15
1.0 2.409946926932352E15
0.0 6.11500119562827E14
-1.0 1.284849568410816E15
-1.0 1.25174093572944E15
0.0 2.024812878357346E15
-1.0 8.85412517722256E14
0.0 1.23441235757805E14
0.0 1.102441280101344E15
0.0 2.30403916185287E15
-1.0 3.278332904692645E15
0.0 2.52235435507416E14
1.0 1.190043863529948E15
1.0 1.44379410530197E14
1.0 2.807583633281499E15
1.0 8.7688451537827E14
0.0 9.4054838703156E14
1.0 5.4757299125452E13
1.0 1.002267806932E15
0.0 4.12563135850386E14
0.0 2.938040609645037E15
0.0 3.9579135759675E14
0.0 1.078277222624376E15
1.0 8.0374602160791E14
0.0 3.01589676661896E14
1.0 4.396200613570608E15
-1.0 1.000266086802385E15
1.0 2.656259988714728E15
0.0 1.5008756850036E13
0.0 3.162555227193318E15
-1.0 1.1834226256295E14
1.0 3.2362951571028E13
0.0 7.23033365519121E14
-1.0 7.345118050985E13
-1.0 2.605739173000656E15
0.0 1.474167950549718E15
1.0 1.96453535443264E15
0.0 3.8432317518007E13
-1.0 3.156259635720792E15
0.0 1.80270809591694E15
-1.0 1.79731973871064E14
-1.0 1.858447975602594E15
1.0 7.46313805304832E14
0.0 2.200600385083E13
0.0 2.0596929196007E15
0.0 4.16356487208141E14
-1.0 3.5410617887232E14
0.0 3.697249013560134E15
-1.0 5.448413799684E12
0.0 2.87479743233958E14
0.0 2.91495943470429E15
0.0 4.92576670242151E14
0.0 2.84820638387301E14
1.0 1.83087096519986E14
-1.0 2.81882418019497E14
0.0 2.124545686305556E15
1.0 2.721614720496606E15
1.0 7.18702609241155E14
1.0 1.505522708633763E15
-1.0 1.0303827266496E13
1.0 1.482968959382252E15
0.0 1.4200678544584E14
1.0 4.49655766843581E14
-1.0 2.19658138784568E15
1.0 3.2569141540457E14
0.0 9.07912529369686E14
0.0 1.073481117733557E15
-1.0 2.378805548878005E15
-1.0 1.16079465439182E14
0.0 1.418824331785039E15
0.0 1.1349545002275E14
1.0 3.4218623890782E13
1.0 1.42660469172501E14
1.0 7.53925557701E13
0.0 8.40222655006608E14
0.0 4.95472889014068E14
1.0 1.522180571097288E15
0.0 7.10850271054784E14
0.0 1.272147689051915E15
0.0 1.087022983293936E15
-1.0 1.290593880594804E15
0.0 7.18571467893688E14
-1.0 4.44015151108254E14
1.0 1.94648485624021E15
