1371947400000
1330219800000
1339288200000
1330219800000
1357435800000
1335659400000
1359250200000
1368923400000
1377390600000
1324171800000
1358040600000
1321752600000
1376181000000
1341102600000
1357435800000
1356226200000
1352597400000
1359250200000
1339288200000
1341102600000
1360459800000
1359250200000
1332034200000
1371947400000
1374971400000
1326591000000
1367713800000
1335659400000
1356226200000
1333845000000
1359855000000
1353807000000
1350779400000
1377390600000
1362274200000
1328405400000
1322357400000
1345336200000
1375576200000
1367109000000
1338683400000
1327800600000
1332639000000
1340497800000
1366504200000
1322962200000
1329010200000
1379205000000
1352597400000
1357435800000
1331429400000
1331429400000
1320543000000
1370133000000
1351992600000
1332034200000
1333240200000
1379205000000
1359855000000
1360459800000
1327195800000
1356831000000
1320543000000
1368923400000
1355016600000
1336264200000
1369528200000
1331429400000
1335054600000
1323567000000
1322962200000
1323567000000
1325381400000
1323567000000
1333240200000
1371947400000
1344731400000
1356831000000
1345336200000
1353202200000
1371342600000
1327800600000
1336869000000
1320543000000
1379205000000
1359855000000
1358040600000
1323567000000
1327800600000
1359855000000
1337473800000
1379205000000
1340497800000
1328405400000
1330219800000
1360459800000
1350779400000
1332034200000
1345336200000
1370133000000
