-85 13 -13 -13$
-22 -8 0 null$
1 -96 47 47$
77 50 -98 -98$
-15 57 63 63$
50 28 -88 -88$
-24 -55 -40 -40$
64 -12 100 100$
5 -36 -65 -65$
-83 -74 16 16$
16 82 21 21$
50 -49 43 43$
65 -8 -67 -67$
37 10 -18 -18$
94 -72 48 48$
-84 33 -36 -36$
70 45 83 83$
-29 -91 38 38$
-79 -33 30 30$
-42 -8 100 100$
-40 -60 -15 -15$
-48 -39 94 94$
-5 -40 7 7$
-81 87 17 17$
20 68 75 75$
10 -12 45 45$
-99 80 -63 -63$
-15 -51 -10 -10$
88 -5 80 80$
-14 15 -71 -71$
-4 54 -64 -64$
46 -12 -96 -96$
94 38 -82 -82$
70 -48 21 21$
56 -61 -39 -39$
-85 -45 12 12$
-41 -76 -72 -72$
72 -42 -35 -35$
-74 -71 -80 -80$
24 72 -61 -61$
77 52 -32 -32$
5 44 -41 -41$
13 97 24 24$
-54 73 48 48$
16 -35 61 61$
87 -82 99 99$
-27 61 92 92$
-73 70 -9 -9$
-75 -26 -6 -6$
22 -73 18 18$
71 6 -74 -74$
-28 12 -55 -55$
23 -90 45 45$
85 -72 15 15$
-32 -68 -62 -62$
27 -41 -25 -25$
-76 40 23 23$
45 -1 -38 -38$
34 53 -22 -22$
-5 -92 8 8$
5 -36 71 71$
48 97 -88 -88$
57 76 0 null$
-45 30 79 79$
98 14 -61 -61$
66 66 21 21$
-83 69 30 30$
84 68 57 57$
45 5 -77 -77$
86 -32 9 9$
-66 15 92 92$
54 30 39 39$
37 9 -19 -19$
71 -85 100 100$
62 47 55 55$
57 -19 -34 -34$
-98 -8 -22 -22$
19 -56 44 44$
-36 89 53 53$
67 -53 20 20$
57 -89 50 50$
45 32 -100 -100$
-1 -92 -65 -65$
74 -93 -65 -65$
49 -30 47 47$
10 -31 -78 -78$
-38 -40 55 55$
-27 -49 1 1$
-8 43 -71 -71$
28 -57 -17 -17$
-87 -13 -91 -91$
14 -72 60 60$
47 9 99 99$
78 -29 96 96$
78 88 -87 -87$
66 11 -13 -13$
6 -3 -57 -57$
47 97 -1 -1$
-50 55 59 59$
-81 -48 16 16$
