63 -63 -82 -82$
28 97 -9 -9$
65 -11 -64 -64$
51 32 36 36$
76 69 29 29$
-52 3 -86 -86$
-15 -13 -65 -65$
-86 57 48 48$
-53 -13 13 13$
41 38 96 96$
-2 30 48 48$
-98 81 86 86$
88 -84 0 null$
-91 -33 67 67$
-81 11 10 10$
-11 42 8 8$
37 15 -49 -49$
-65 -70 -49 -49$
74 -87 -62 -62$
-98 -67 -87 -87$
-43 11 64 64$
6 54 -37 -37$
50 85 79 79$
-23 -7 -6 -6$
-12 -40 -5 -5$
-65 -66 92 92$
55 88 13 13$
-34 -76 -1 -1$
-87 6 -79 -79$
-72 -74 6 6$
-75 91 63 63$
-10 61 -40 -40$
11 20 -55 -55$
-91 70 87 87$
-59 52 30 30$
-97 69 -49 -49$
76 -48 -72 -72$
52 17 34 34$
-69 -17 -36 -36$
32 -27 79 79$
42 98 -22 -22$
-50 68 44 44$
-62 97 30 30$
-61 -2 -63 -63$
-42 81 -90 -90$
66 74 -5 -5$
-16 22 -60 -60$
-52 -54 -1 -1$
-65 45 -95 -95$
68 -29 12 12$
13 -16 57 57$
-92 27 25 25$
98 64 17 17$
-18 -75 36 36$
-71 83 -12 -12$
1 17 41 41$
47 -85 -6 -6$
58 -24 100 100$
100 90 -95 -95$
65 40 -48 -48$
85 -64 -73 -73$
-1 -46 -27 -27$
51 46 -66 -66$
21 -61 -97 -97$
18 87 45 45$
-72 12 73 73$
-94 -1 -58 -58$
99 55 -47 -47$
-16 -23 90 90$
66 100 7 7$
55 65 7 7$
35 52 17 17$
-81 -34 -16 -16$
67 -36 -37 -37$
11 8 -18 -18$
53 74 -83 -83$
54 30 94 94$
69 61 21 21$
82 92 -9 -9$
91 -25 -13 -13$
70 -84 44 44$
77 -43 -86 -86$
-13 -18 26 26$
-70 97 85 85$
70 54 94 94$
-20 -89 -35 -35$
-99 76 -4 -4$
70 -68 8 8$
65 -78 98 98$
22 61 -58 -58$
-14 -56 70 70$
46 35 49 49$
-53 -25 98 98$
8 -33 63 63$
38 63 -62 -62$
18 -55 97 97$
10 -74 81 81$
61 -76 -45 -45$
-92 -93 71 71$
-84 -83 -17 -17$
