1525468225836802029552202902666383949869181830544830227435535830022977322516399348167554162792072768375339994647879615648019512807697054662797903641675278518105924385285994749660384359943236275
4613929881429678989800317943904010225539975267407549418137549073719344903023086832430873579434583368910636602085736853367733801039655174837954355810327922187750126401736457232089259356063914926067161923443273080964747937155981388490238093545361782732844315
6988030435874496602323230503807220984118647385255172601539304669881661457315294135179337341324554364682191907262849890470022074074755971156382468026272574314924283350569304430724022497523766470983970683453345622717274662515565983199905742861
590784649618413032836019402027552116198126266925113069563466025745984128372435648253370704102078586662177456083042
2689525882526872963945012227140933978880617786232563405970644182260195513208709433383476850744734628558810097460388659477505007085459487888969215484750845026384864104666935
46797404787933144069301072885393477997758377298327501790634386274414379934594641566520255454872076060104875688
98539620181270558284075832999908019736511534295719747565904679349705672063047868624925017209937525313465398377929784348403295835204894826491547912929312966599
547434601027925550029383417531905799478753638787518055053612444850376813158233586622710187172995849515084995207672888464797274985945629956156068924349124829579242877505097301774164987517896663237800490390471668834129343873286160453529782077740752849
854628108706615403204120719506718477614462506762436365921952827176003108465635807430836265305351852495430475768753519946726909088690004024687541326593839960391012956693348204111376271901808919364075857
895118019451938114602342574975366332235980392899864636978776357125622829322483559493786134043207136127625010332894261650020707068179071537416699318325428838057721876055075
561750898510535158547987084315318065481726992135467445878490022941025591788013262104641060502380232506377949764443652693022202
7736438523879040979977442229238500262259190637411906134822073122003824254558118853374685674644987187057903134103755842942026922486558137268561553074504038516756064267580324768957488011681016394637190631442285359
6897368530559488014550473248455836298796977326320655431597214153511324470280116147493868334474840945884547405030048315447227734692560609560733586558530616643791515156601949467
216599028736549486806967077977679981956983856326075629344279865839624007875925505574565685066098673706697927044627053456809109561422738229894167519589989612349716603809358185776200
816633782103785603934582446142673486323828740302931757410092775586002442894732777296052167294542912846506332155753819455937126441214266527970074868496282404428616132740256
1415853848249798091322941174134507060592851808444799673694006397551986835857353764379181800649255150678531943395210251743211755518573221733335736060233146297707164001318631527582045
799328106996827224518281832455026375912682851668347930482915661822741108835242793526201007716999565519873571460353653367078
71315224456928605677871933727786512434010407827650747190997129891297741307070158225723103143135065993430992872023745527869316625668118319
04423337358944580975230953690934597267664495876979394798513636120866973458034423128808081166483047667952588259559360743261014790963069360647636227988789042261964887794853
0297765361414634560954567018394970291042480443400468250860431232976923510643204381698705570670342001141333679694972625030955684209973183170673507813677698081047465802394835371197232818184090898570665799106777998577374320090880323845689615105605689144541
516189022025222883395803687846440230327826721443183575553602274174420447108632081173568898620187993888449664387845725686833737472153538515174103078585919257713464616359036632341131219879237420419969476656850139494197865107
96016820061768735968461770724200822698522372679542332189432824119247747739484341047970859309533114034154446370596997515650091867739060001265990818132316260236199598562330980215819581234923739455487026629583202628928
34032779824731438969865820157015322614772593936351459202517318719109801293862667615190829528142625961537763853267419452956908942071953435721977294704842993223308507568570711613618569606824427
52085046033775138533605105311761130659487158258711378429835896317075660143769032918244528474564064193712512506783682833496354581261316870668430869495803078262634720576001094713
996049813970815181512814509760085260315389972269474509915279412192429756917087219975268949908725895785468782345373663918748680740607
5392618324705545647316766884592598058427230982482275921841025729199580586347753217726351262072105815082352379228873126019524173187934436543676968173906075386741397105107662121145371994725455589038027002856136205110175
215039243660262689730815732715402523907499327781648192993464917939381127196322078279480849067370684404248339705956953528836281849368022387998745829885887883401183223431352636057411656819951981022935360193266342358016347164742442090361055077993788628
8745077746025709000757264511189352239558643150118177080738128848678134413617438215261397698058092975203668529312344580650795266649180060436383184684563972874742535113964704899532
94367715724207065148300371980750158094409653771574445960560628804555067694027501377157638825455148769880945412288005794829671829369607300411957662621941137426646710568
7629925277969678025491450208767567261729600532370856942201932045076427087828077894695950199486921221517164704240040699089058471437440589323423797801091549978047116015853913116356239207740
16731056962680695070124411535882604333803360334270061892314127740801035348161417401008003548438943104629938737739454637800230259464803636209117413165705733624822371764038805489024600
3596039888108550900581655764080076757447771331304447821149868559464947856138195682340655769027648643444106797844681620890930340735354748029792079419
14197441084635351550215447231295877839181412386485355254119826762383485426233896180782709493523528862179284222565005349009
65396440064384853066891721913727765209180645342716065532518181202656932076957634567167926574801326487154337348410398784253660467283068809561188
429079923796630357614221212953282151727468504229431675761271326865021343576513182259655383851679631767934183771059688884948045274469806555846337907241246881625429746455289377390812908301
98445001394520181032495130379098591132024656692536729535269698872743566091411111895701603947433739638778891749656084293628965116441244399312487156598905120908013484264008968175185550920682080922431372483667530743
742665668438905591388561524679951950882539633067803673046127309999531908283423823496777716166629915070379686002037885809915120
44178813101384889579457069421814832662834204029218301628971225383752285848757597518961902572212296278517893515611103365499203461333520799869578824718842218626438460876203197088410592982087621459038589350975706709273588661458926146
56720039021618860596844892013573591675270210299722248720631942529244299255194666534000376596323404810615903098293053839067408090103388718612844376506050675364
68213869811889133818838843949396727196064828936338484087362618222395723445793796249886309212369185335519107161968693689906726183443825802426736656707138386804460143426408840
179423258913394343837695382102281353842780898603861072666396655822752932449542247419208766903993598148811121634084468575936976875268068985170543900330878277209195616643629731581483562057704050087061896930526474446771460314167179648569308843468680264844699897
25550562488605416894589820980691226004270326995442548522233730078876231690473629051772180688495333738805056007660123451098305505876424594274369932531374990922039237478821621198445
98507937042444625201037640862529592900787721504195109510642617936758680366914326800492269029259068996760521162250193330119881958
0823746560752247830368428352229809069905231531520549615977384941193522121641429678198407517523905409245347431464114363247393473455319188895974366814248017127273806398441083189038488723518373785381584808923770329748480596603
27057030579231982517731961922593792874900191557890087569440141910508090698040779496224709200690901480433422448992994425734365471
3500662158397292268060909340598898145063986883683481313506691148869273889551021314339836396792118482255268187978890283658984314584768339622014229357
872812921709418570817034367735762524549306505321135416752979577187762312581863269485586098023031654248061513287214589
3769383064039004626041154518780297074611814801940832936437515085387988233837259686184458234719194746065848304000494528188914698627925447844786952574473008378856450656719199110419050512
394708282595692327559541679811423950789378329478785490512002831845862230498946055122814999921788205367
577015605133444022863679102771812676291771118042300190526613841940972949968020358960622188648094019155555904404615939193150881734628220637
469164377048330990348094305107848265640663933129953065760628717580632043395000477431384055245331688673414668952273780722935718979545100816783698943243075696898726024910092942996758207783631416140688376619
56382667487951907429415615152597036667208436076984775471970802390108193680891374834159300582518739885972203554486449126585859030803206388253511963187543156110780068476240538507246
76061878167186946823524589151627918478030169624930469480725549617171614857262990736527513670264200490316988465795696261960874104019798433859305984028731075829
350873183217488805176314779963657685676029208001986827739969557621877705995831150930244725138842238169780856434881127351516428613214454840547
4536356366044625044952409179590595471442074533881183052499146566483519786580867455922162407531579201948565125907927738925672486159385237322610218306166887589470254238525594594444017300848872720332348705
69415579027945622601514881384082962303045212499750620385238641092641181116591434856731046786226509058356910457587060267414682551808098063242405248821865571820551432535464088363009661808993618050460450175437706152879425193098803443926612875
3783875572070662937984951586108763277314114809030332276898877819314905089762134791980361714992823793561554763636458038547478631022
943330330647828095153785170782950428060679576385757878496644061005924798150511475450561000580645834216225029292108953485863869448015428610124752795087449095260979035922984490130010960114
758493512064472808134342632462900221263913214467915741898293781161776076222227913340763169195818556913861081290691529095708208258553289430424541220656321482601981917157316259814497438063782217437482411829134546273313689
52812097300252527400882808605402514622807215665914964241787910928727764135403522524165277731256333065301954652040552175630852156336908814915854126461934483513120205021112638793214777587783492371104719996
434062925389350836762565196583345955992262688946728375156905615653341494895776636216915231657689665745481666542295343434717336369105464975566684343189172660857
564928293230342007341191031893638487589883650376367432977202237754688568908523528615944191202618066316514808614
5471804782864433667404438560363588067877408289710150226966396171298270574764850390046387043621367503883953258813918542774556036278456403908005554619609103201585621986954095
4555690627333585813159331151256406173323622927098477203729408807116944487618000022357160640760956637426718020366074451278342874873435347368552722950881278944591821338461967435045
3240881656981337028450197239390703054017458827925381231929446604252782736251748178293087782685762626591071800727615677388287993440365894256726921408337976411989736602234509807043541248703731248193040223037042561561355180036524477552
96918363293973722306533186753265291177663612329741598098397550661624550046830472211599877613918195853293901439156473159059054556838504959245735995776207136675527592106373920516784035435665710788537293
30139331101112706910408581689280818916075971978461920595152148563414891176093195707210183349503129673158499250721729729865345449647888907656181088813401259006177053445534669635907058404688605201
195308014857115602807142702764480166191439370051310371004705445103167740578877081180467951884099448817677222079962646131260416327709498374326950662969987426137021083414995929739891205630089224854981624044228710223
2111257287939918233793848224050322133157015724559038211812477264317078917696734299621211067626736756263669500651630144531703510746278322037609927068994139628533950701319579345110259334516796002340261401458586422411661360
9540919014391156097480057157271018811659722034471103293125075501453637408631993047683695465386513493627943311521232600595676371874135958364002622307251154293407907322371795868663123901145920
88765125796669917111801229139714158961205673578276948424728147108587128613650657527662792193233549947649656049067995157552027644848665362267245450631523368056930923299415302520817370315397096343560274076106025519979818652294745101577602020782
6588048180445268422361877013559241057485830831075614973808008463619818984031193240059591046840896081415086373171864318507882800730293271273224867075860252003577125754164172763935484657925378819484376155254494967668968592329686331381670485080190275421467350637
868606026063467963711451442459720134221906666617531104951270525401477576045289374484029668331858795931161877965020023330648716227002159966269965846573672883297570831272001751561210279260078504108648024
8400205164052378338025098224613428802188344551147004200910426574115040104022132663526451191170618377129780078097385193963955100282693692477949758363925304370869767653284960950060752446672
9677794009634883412444696173319538327484259663748160556424241791544360946982136057392091479880487344821943700777213807295252905843783903481507
600740967033802299276316357872958247253960919496523736928722952597312364981674470405386626238201893486005033495213383702218563462266034050894062074246855361
0817568672675368371065552030300441730608320629702965225986924641005615746276842834985807051570732058841175078007707715221545880864549
1136531765478986449101967621922328278244954210991247310741340425726642572951004567808853462251342767387411886326590425562508508809786707997674637192224936467610985166136337528087298659783014111815064527411695
5904359160084490904734033933621967002805291521396493875096318853771622626673916590977181095741101141426260304536439389441700682418550130923790144939139044361855003358020682832950343329122386727346
9034455222177005950516746408624255206471745920476374274553747743715494619368528197413512548664967115217766295424
55936378732805863413882721049885156372599628416462094853983442153059452822303494974304950553556227602161255584602477628701068223165370672832969715
52012821366718698975925426840302821188030261654346127450182417644894099553423559046057291874382645370883369118054596587444470821638738686165673
41144876125972043659349282919218282551921547757581524601774127196501494201980119552503682581785288446197698365812138961350898259481296685084618748283019379595715253526046633532504124266006155927205136497537590414819293806073647984387654864305408
650194295709216116441942457988745885582164260797505778481817218338137617207459071446688043029635664403616080414175858769628892334495050549987424737472
4831148832894907968696542512749566025149754244913361549839931057721336504346381511297198489822774246632390541223465900690938212504085078332686579174082935240887516969875779842173371294027348954
2510734866801928760455132341602794450231814611577871195777302300839570692181659082802263365897276629804042094636018871211890
305116477904671313344711620999146123220642427375822207443910308873982814315626427783323796648518328835
892792142782690510356582480559250430559929883716354174768755385145025388782338955443589080077411489830425308710524919936406820479759211382539581151168708398527481232350677949640744
9340980953639381339131211068684182662965127540375476666432342687332483610881436656747885921037879276584933421792425070522222131777637433849738915809491475392807567
5035527670473130577587202319040860889130699505704628842073289632244150252353313529380150173309860292946265140
702947308356578957185216970320916782331383074786526693637997054481515612092039347689981382694491925835754900323799606883846953076451917297177929613901761713574476330
250751016553175755536875003298722888184083915988145479197142174150828732757146632442346071062406053298085631447462839533547889863695090355477502193426404396663585217709430271428835348902036950859419691956
728536766621410991984069592346900970125136297965611688537521725237593469316032827194197527210693372925594293824530252398886976540888775626572383728955867489754357988379
23828225297655147196170922394757475624193321341991152711407741247096497193022838559868568831888789050585909034568981243425116426391358662551648616882391702645753828795789933440957589838577592059936096055758640757
9464898547801418530302475393494696799981733306476105886776863035386209692929797329867222504665819353813
5456385070065601741605224056347650382364698437460316125953282711998222166784147339543215959519310112237490484635996308044709085260207649471777575278024448201077417
140092063864881016144088927095442568904188026495228340333610241895404084180526593107616888817430047900400867482444543827837547388473513957955941832268766
895382618125571759396789700771165573042089726869064820195003135046544992598122555947537670318798319507393196125035159913719865704042582892761021295952150582673875795391773792928518062577953487657
40141420680609614356689776042527461841921337198004524102890525173649742147469320545711534812702731866192974800624140
81881257314178417078506089843752920397214824826161952688800571215952424068353986067460615077995932195452535111610718647523387412426724344891441220104595308798697856082760920236389941714887376605308
