14 2
20 8
10 22
1 13
4 16
17 5
22 10
3 15
20 8
14 2
19 7
13 1
16 4
13 1
19 7
3 15
5 17
10 22
17 5
10 22
3 15
2 14
18 6
4 16
14 2
5 17
16 4
16 4
15 3
15 3
3 15
8 20
14 2
23 11
19 7
14 2
14 2
22 10
9 21
3 15
18 6
11 23
8 20
18 6
7 19
0 12
22 10
3 15
3 15
4 16
22 10
6 18
14 2
18 6
10 22
11 23
5 17
7 19
13 1
0 12
23 11
19 7
3 15
18 6
20 8
15 3
14 2
19 7
22 10
17 5
12 0
20 8
22 10
3 15
22 10
8 20
10 22
10 22
18 6
9 21
13 1
1 13
4 16
7 19
5 17
17 5
15 3
18 6
3 15
1 13
13 1
12 0
17 5
4 16
16 4
13 1
9 21
6 18
17 5
18 6
