3592081800000
4286309400000
2645400600000
2266709400000
4349377800000
3118786200000
2803167000000
2172011400000
1888018200000
1540863000000
3402779400000
2519166600000
3213394200000
4349377800000
4444075800000
1667089800000
4128539400000
3907704600000
3150322200000
1698629400000
4160075400000
4223151000000
2456011800000
2960933400000
2803167000000
2708469000000
4033935000000
3245013000000
3970773000000
2992555800000
3276552600000
3718315800000
3055624200000
3529013400000
2708469000000
3245013000000
3844546200000
3434315400000
3181858200000
3371247000000
2298245400000
3150322200000
2140479000000
3907704600000
2866321800000
2487634200000
3118786200000
2172011400000
4097007000000
1414632600000
1982709000000
2045784600000
3402779400000
3939237000000
1856482200000
3781470600000
3276552600000
1383096600000
2140479000000
2645400600000
1730251800000
1824856200000
3655243800000
3087160200000
4002399000000
4065471000000
3402779400000
4160075400000
2550702600000
1824856200000
1477787400000
2172011400000
2803167000000
1635553800000
1572399000000
3844546200000
2077320600000
2771631000000
4097007000000
2929397400000
3560549400000
2298245400000
2266709400000
3781470600000
1698629400000
1383096600000
4444075800000
4002399000000
1477787400000
3465855000000
3718315800000
4317841800000
2108943000000
2235173400000
3592081800000
1951090200000
4160075400000
2897857800000
3087160200000
3529013400000
