4 85 -35 -43 -2 65$
23 24 115 -50 67 0 -113 85$
27 51 9 79 60 67 -107 -2 86$
34 0$
15 83 25$
32 -56 79 38$
24 -77 70$
78 66 -36 -77 -66 -114 -106$
7 -70 125 7$
13 58 -114 13 16 -37 58$
17 0$
82 66$
7 -94 89 88 -94$
28 -72$
-6 18 23 -116 116 -99 -98 50$
14 0$
48 0$
26 54 -55 90 48 -8 126 -52 -124$
-2 -36 86 61 74$
12 40 -58 33 113$
19 -18 -36 12 -64 78 72 13$
9 -62 67$
2 -53 65 -2 69 18 -28 72 -4$
19 -31 5 -49 -15$
-37 67 -56 -61 -104 -29 -63$
12 109 45 -119 31 -85 -64 -94 38$
-101 104 66 19$
5 32 -35 9 -118 38$
14 82 11$
120 17 16 38$
3 82 -20 -19 -30 104 16 -100$
-46 -81 109 29 49$
26 63 4 32 52 -60 -31$
10 110 -40 -32 46$
15 24 -30$
3 80$
62 0$
14 -101$
20 22 62 -47 71 -23 48$
122 -13$
27 116 -64 60 15 60 -19 -39$
21 60$
0 30 79 -86 31 114 -94$
52 -49 -61 12 108 32 -37 -73 59$
102 -53 40$
-125 14 -2$
15 -74 -12 105 -108 49 21 33 82 -123$
67 -10 -50 85 -112 82 -15 57$
22 -71 -113 -5 122 -103 18 -4$
14 -86 -68 -51 111 46 -77$
10 11 -31 -113 29$
23 0$
16 32 78 -18 30 -2 -100 -32$
-48 0$
1 80 64 92 63 2 -91 -6 112$
11 57 7 43 -123$
-71 0$
100 19 -115$
-111 6$
-25 -97 -29 -49$
18 57 103 109 52$
31 26 122 -38 -83 -26 110$
11 112 6 -83 -32 -86 20$
18 -4 -48$
23 43 119 66 98$
31 -28 122 98$
12 53 26$
26 -42 113 -46$
4 78 117 14 -122 120$
13 100 -93 76 -46$
6 -8 -111 18$
28 38 126 -5 90 -66 31 49 -113 -97$
-116 -29 25 -115 60 38 -46 -34$
34 -101 -108 41 -35 -84 26$
2 -118 -3 108 113 102$
-25 126 72 56 121 -104 -46 -68 -28$
2 0$
-13 6 82 -37 -72$
2 72 115 19 -51 96 114 54 38 -4$
7 -66$
21 -96 -34 2 -59 116 22 49$
-97 -79 90 -113 -116 -31 121$
67 -83 -81 -97 97 71 94 94$
23 0$
29 59 -60 -23 -42 74$
32 78 38 122 -51 30 -4 -21 -14$
21 -86 124 75 3 53$
16 -61 119 -45 83 13 47 6 -24$
21 95$
1 -111 -48 57$
22 -86 -26 123 103$
61 61$
-5 121 -22 44 -5 103 28 17 55$
23 71 46 -26 -90 -28 -62 20 -63$
6 34 -30 -3 -17 50 2 43$
-46 -15 -61 -63 116 73$
-108 0$
13 -8 19 -23$
7 2 80 11 -125 123 -31 70 -82$
15 -53 77 -119 -52 3 57$
