1383096600000
3371247000000
3276552600000
1667089800000
3970773000000
2108943000000
4254773400000
2045784600000
2708469000000
2172011400000
4128539400000
2203547400000
2834703000000
3813010200000
3465855000000
1888018200000
1824856200000
1383096600000
1761787800000
1951090200000
2613864600000
4191615000000
2992555800000
3718315800000
3939237000000
3623707800000
2740095000000
3308088600000
3087160200000
2834703000000
2266709400000
2613864600000
2771631000000
3371247000000
3560549400000
1509327000000
3939237000000
4254773400000
1730251800000
4097007000000
4444075800000
2298245400000
1477787400000
1604021400000
2550702600000
1477787400000
3434315400000
4381003800000
2108943000000
3970773000000
1698629400000
2140479000000
2235173400000
3970773000000
1414632600000
3718315800000
2803167000000
3181858200000
2329781400000
4349377800000
4033935000000
3213394200000
2866321800000
2077320600000
2992555800000
1540863000000
4065471000000
1572399000000
2108943000000
3592081800000
2235173400000
2361400200000
3465855000000
2108943000000
3718315800000
3781470600000
1351560600000
4444075800000
2708469000000
3276552600000
1572399000000
4444075800000
2014245000000
2487634200000
2235173400000
2613864600000
2424475800000
1509327000000
3749934600000
4412539800000
2077320600000
2140479000000
1604021400000
2456011800000
3213394200000
4412539800000
3465855000000
2172011400000
3213394200000
3749934600000
