48110690502470409
385090040780434775
3190614536652879
24802070590795095
19609705777808423
24597553830123594
120168284540398345
480673138161593381
25524916293223034
96859664628723031
12762458146628440
12762458146611517
96859664628723031
306942621932330628
48110690502470409
19609705777808423
96859664628723031
78438823111242124
12762458146611517
96859664628723031
30042071135099586
182483015817397200
102099665173027522
6381229073305758
25524916293223034
78438823111233694
102099665173027522
2339030722577360
25524916293223034
385090040780434775
96859664628723031
30042071135099586
120168284540398345
196780430640988753
120168284540398345
30042071135099586
91241507908698600
76735655483082657
480673138161593381
38367827741541328
156877646222467389
240336569080796690
25524916293256880
96859664628723031
96859664628723031
24802070590795095
91241507908698600
12762458146611517
12762458146611517
19609705777808423
38367827741541328
51049832586513761
4678061445154721
96859664628723031
96859664628723031
240336569080796690
385090040780434775
91241507908698600
385090040780434775
385090040780434775
9356122890309442
12762458146611517
24802070590795095
480673138161593381
6381229073305758
408398660692110089
240336569080796690
12762458146611517
96859664628723031
76735655483082657
96859664628723031
25524916293223034
22810376977174650
96859664628723031
313755292444934778
96859664628723031
48110690502470409
96859664628723031
156877646222467389
2339030722577360
24163786967012882
24802070590795095
96859664628723031
192442762009881637
102099665173027522
19183913870770664
386620591472206120
83462782526515261
24163786967012882
385090040780434775
12762458146611517
96859664628723031
182483015817397200
24802070590795095
96859664628723031
60084142270199172
96859664628723031
38367827741541328
182483015817397200
24802070590795095
