71333537026557690553523024943396785697266896879334154631591278280817792549408058056672806176774333878761392376210277532071404353665638727090506895771942852020595862857733223492638133679538744494633
316673069143643340144180003416702909540701108261090305909958094802634757242032710112841659845481752716621270866367389420071335675148212354626838666801472009803844404130786335184129440198363470236874719366726243
675264313288055658834480313462639247190538600073707140858290021293500799769886483273620299867915670937883725
9428594126380143332188679194495326752971439168825089393605492788577267890680628230600574525805382675879899221084288364946338437024395908491490104725129273584727770667035410265438818
7463133389447201064761772572450020719537167025522298590471730288238085864042496844011531022479365556303841579435710926471746060006173207356578420666663544163608891625
5551755095489721975238606127402499888019343905944038942571963451132319476317886467059675453889804511760927932586070573072508
8589618493073716397919835735640298885833897614050300801781689077899529689257748687339581556596720441170720578372463354565500164773003410024480367534823222490329608852873734
404650221627362775364995763639420095671239587357078568971184920615585571905934513612453817393305834256159554364168851530927420252604601058977666532950817917362138508975413609750966555
8782718993068152886216510917049807059240183301399174173111493673728696554932466176878878941824370211341641568721778310159411232297970743660162316706563530342623091136525575699110372313522562
569507494808181426169336565179026530036679666440696649186461169905041795942050780687057305962301610528024767203080306595120161075920790101825264482650046955138371251621106961821
605905108657930045117642430122655912141916488044647537362368153095230595826950476242512482516160254724565623759387869124378126494338859661887597467
021928528476530694702833606327254495902513657527740830658019498222643897373205971316685606004982166963912164043273655499049462056232387859406019803131635423726346132740819490059084084428721862253869878205717660650939864331067360339
1380978142689171079694400997181242961750700326464920423064150328701972643643301342116236451307255387471490507093120569139111124199148580826867441714712698671545059403093318296949533763150447911308829079868877532666
9543087443003082872904233850566692741365593714882249838454765922643181072630829787993579210701805263136313722697058710
317795862041765170317965979192762470863709472340333234310448094524582932797671602054973818892262317744096782392061610818648799343409995286208044084564195606530664781959714886999906511275930214105935655218720832813025951900651756539952063
7699929542757892304157384994744504389506287626220441244313822642700727853030124814684583615703834518777690136866073447743042756516659900667958993961660021854264443718406706462327327845541476164098601291111654200115748376191164123776168574898300131735994829271
9720667191246729349844833334760703505035014936856902133418384638675570105443530116892960195212052729612734201316717872347088125723631605675815203219812639656313192352105052463845338976
933889354092988650867353145136998187878508152878658745458486246684678975857213479717435121425551713076985899649268124602973
6477726497654513598218827857152406355501954720428666145567282092910811572663767525056225334612235262719034644968546863329889444341827126940738310314636
98229048165193292343885889645269643984347930806592574170650135925315978412310851754221331601935129333149058101177889648870695495042043851784541242
61771790772576179817517074861900856704032685359137516285777526201956376176888690930685813192808767885914466650506592839920376618745104960157825633032
66493407401906199651663249117644510188809412673547721362949535165446190978895241829160582211643454339109726330082944216165825811940
5347187701787197551158824516804649029161976015521443308736180510731983621347651176102523579852457228145143227840269524140892078352560552713
1936009570569573212717744530449904717031552312464147665943059646926929812496208785012992455657602214836840
50808683856836684714854821811493894020324858793287769838279860082406388628171265219729454761658170632440794385847891267265173097476581025148358336457737217645285319174625623339292768748802566042362759570725138837012078692074173616245569738290897187792382
7791968486476343181738683770676486295968935165565336753970845095919004426722144736127635858481445364863058513052031737876985663037535905955880147637120670295408235174868503793230859480638299674847862292808015535591189027
2211653506270066461350178096792318805011106559588194490783581036771413221028593644028142423585359494050755739419540210929202978817310196814579102540859252193663680221549565766923531605166236407444653375001248649883990080844716576226820
73774092537118878728966130577376299417294540348347632257888632488923405507608403403897431891323958328461759995748351869454884917965603405657945508442274890928796960278406541947011165549084
1935868340127068648376527446311120967714458348352353112590160582934779429964054643061930206868589026413001859524186836827768
8167233039848621098706172684748952540846003353896478672649997397079962864069552364032339870386646670117357072967195323222476865648804510932
331310725495323106515543434968152073671321293551100628229560322461872480950163484471867433437313237949137319563553840783468749194367628858510686898609845201025534876161234535605860868328077695252354941908272970
4507714273786235377516185689648849315317157921562660418761540867549545714915742160553135992316895114743456599211528415195927617896452744064061222539446053981480418736774167820422575916594227237502435838
446359921324876912521385109579548356275998567768729987235544670088099276383152991776724952013376790937945204852577024729237140184675531141686631601475
14544706037442682535413833852365141614380714530164188683925653117332806421181001534083230619158632826162800292271626386254375490104755382734432284142140695416707722035262207565480933908804095674493811129798468840827028549430784996385249932198
3652862845557966528177382643713654953562443453959984070277130053179675554050073223775619304892389940260984831430775264137832828767877766853824706631171009383084918108924828147681413
6242837701780152610009381321415013174165526008911223158379721134396331898198066148757589213221355935333562155362920347706490513155808779020650281677794600824886803584713578694184182316322659605159260598284503528299018243225102190601166112698538228623257161406
44770768442774721356941128306287705999142050887137472884424198030745156537060554957960855038425136134835471831043522586976
489335964758102026415053304478243479662383405739744299267149805866986903885738484472740405143684390822948937103652840431589950540602606970306394590428886070500310053884763929167493725330122073048162057313965676384424120155585253282081734
127813868669795732296261636795884811254801556669957419328595900237107389530681985628482981720930138722196035574928344509594078687855
070056427855946266578426243492552666474937429250217359716098669739671356223761417443133389733147100034253400824292238275736974419356430388960303744041868512837289876657474065624890375099580357872047006222927615000653982364480889882510707480175147101
16825293480468762523862859241834818186517235722545870281686565283075605319108162649817664455147488988787202288681408845118281777656871604681720133497869113998457777664248096104139739493142191416237816859406353430377614970655463819443628956152461643
0447741490653358939810083878221324776720017815744693171098175119970713041791211059464072620182347036404649946390674230775379349263986944679872839360899783681745784051229103221760729852162176899073681213930616851062859906783021440590390645159
386290164091228392751766062620579696811322609038559199476622927224639838297830218095347422714451439937529085180470808725216097328811386947484473986803826292345909708235236658
387669431659125916174850141273118475981375703031003492611080275067577207603378427634122398736046456260914103568004742381728443654679231940719973184887492769111524359108011634710828930136433597942275634918009954305889039763769937035476919614513
81841185535825020637368559785332818500791891695915022413689617327560941034484048898256937638972812798585623506759828871870227194493105626344001685689773514758179944831211089645458338247697463157662930075234544397463134930119603842182358277
067025815686034076654976427435899191274192464718283710273155479220840815450968384404987613663349254564665907783449934729537991531273281303653753952179462
726936230928744977614807342412675222732591975518038232777698324219229297636937631939324928848038814089809298472339855400802407152528564449659345210004016831483671909322549616944435809373368963
952300085647199789647057279198597216207222470014302135475954442198122793608413932630557166982756999267792025774220807108749255674861000362835195501583961552112920866850048978729028357619910807330428445068505043346879767296174512299215436815978884415
6818405096709601783305797779442194210608454539924291726581278082000681409079573710837621555857936735718539459128546683628948087920334772825746475
2210865173376946857785004478279150830709170249747977949979112842034431957403491892090344782456637561069861438741297991640430829723941522791244070422639358436472246027324208872666648688532462495419234121115324121132184911398322652785302986152483572
7687055187040757242737789176917100060898779229930662758726308146988969618591964154788099221167140051
08030349101895246092744152190481150365963117419050968314418076846709626321896318334965696603204898797673660143115127514019128145744987467680485614526766184785039440864669510225253890643773842250559513
3201152644796967276038613881294256392199093107631459262780656662614684560837255094343847731022714062054564459
948228991017313479283810227256169052026797912526590043739581423310152658887142908341526639569990542555771530341827499111204116054830901086951228123771217473401512555386619400995476371808093151692203990716460153112578140294597604053668512862611384837
612660779577346045035640500915008854510858208744985647578526716534821077444554782884196981061396005098
4273836964879909883483550555255706484874338949340421453093695407178385165010862514767052329278660940229129089118926466162835086173551283350341
31180934918899849607005634661252889403942760189506697928514261075477976901192715084165577755367007269
3743392612998759178090501171699600816528560663244334029816408947779709966938050253220274346557033657561134880210563950188552986269886965535108299508395
0275837932773033564448298142042926198199412878939515815502061273204858048741475296724269774346523660930170106937446724946242825743324961629902166366832377131963697095400929262713438079469688738058190301285620047270434789749916876023116806213294
873916696462583749402349338736591124630707383340775208632154605717597307576470357570715767815650918052355429764931771173617865386172940788869536781599278272351497115983441729790721964519622007956501831335288060372975886185294509846984126985824445226
221994189817139305655659267785013892643371506554281243160860162192803754415792741626125362692039918923470659847267540102771686060854480290033222757386132566288373823729140394602
309651919145641573519688372959175215403819453920034024688227644576781833096697658215811310844313421703777495772461640449596259037777908738126798851210855408511069666074274642899019737022860746022359822875988715281689737
760550557684638769378613291065877844029848480804730113488439036127025193933306323689255383311537835291837205047698584402644974529090181672716020757505970589200026193
68174102054176991406816939860215664568876582976141473280993550828364201384911174723457267317412045119078590074110114554953644974687667453082386791954449345789382637180786947845566235255233842808904890324836924334801992697765529828800806930642715451204985344
6359107569715234613940100973693174302404549331011922815480583057294893316159543814875466955264979918939257068402787205860617292519178277930352878424773474884283859113747933433921002466511581530015191525650
902721104426139039004386167400501632048643802218772639265049755379297133221935850556846869080520330586298717709253924666762209370446362485
3000449380785359205066861327136723653456182012166327652307998350471294561300466085644978755760430065684226841379902741122075052903443621835778628341859243310031538398228349024879961
720505613144752836510824193772386132036420752869986689207938296468680350232734319190172605381719649175967500872361697666417292542634244759412009658737903888708147098889850573979463728153538284437
8156209550205077875230025016431295769989613620934863987134812422822643749829660002726396874562110115976182277631719521916272420202589928987657
38334313209071699999544821445200122902487515994041280554191551181640772782603533497178954680863843049340733637242316469489506493062799962509171250664215491635618242712316203224068780647770
89532231387444724983853946452187312358321465606983477371034755596221800912028881116387760188473991502409793961627327018044620716686937225
0610460384015809799872876465793842096387931529262448167858567092518755380281980623538435041148849967535954214354945930043420755305034304624240077371833233382988866815151892651779291644329361241952961503354551810650527331317606
84764509588471055828685669337422380133532886168816331619753935034809325435465362984173712521198014208378404225105152180526206470167557123961624185894678711606440274224248857937864186531003910528231173121269065986243315374873710344732
220099320346947492391250927803268397683191853738641935784136229033348235267240783359971260657772354285812042145810117594997449052194827917971374370854709651388494725799113584929308269329928421
4481758275356493659956345650060736114367229304882631844826784069046426486108697002644190528528213693084125378869296969742196507174593149966314027
6168833775398974826478914505812852186555095928596687687939684014833877272772557310137533272783435308253243
82793839782082646147869720930336350306412268634669005658431815468865782615440799944933994557538573116971208435550106901335635670858547880308023349618281739238167343156054202401806653484342834265859197723234389066269969
5328958835040884664863234274493077293148667470608990830882788335161388900881762774863326170619358566148960001
3317180195720021208950853301588412349563452299837109419514761576427628209035280678129777479628761079025409885301917152472066609779642327632221580615727127861983290211254972536481144853927100
6022982843139164705559655701084240450737649499033819726718460654507106663614161756352653893004833684281421998827157779602073642295169259758931942911924918897039522165560051926913315235272
65073527654628852853754167414182480466927474153634143193308915742227949687486166089234613153264024540553487425913886238146807479307028948291957661616429158789078608525492391569606011595889429526939629766670
17193535499643507859433623397916734573686074986877858305049291667229311680331228192660609112415694006600
45053072974896703237521704809785196570794116476162601651630271418741146135253164530064473634373261247545325553317430401705673714795157856724697018395821
892618962033657745785096341353348508091639776835556503864854618423090686296991071707343453251219650521619172205430802349113880055619299503260183585317783665928404934203783547
4144276689234965056117489851310568747608269975027676399332208707435445634691294506255580336778692595140219846355768800105240016730447561461912140478024502547028540483394800122255023586895509882288267862794195117373790206793159771389087968294452413839
8004511883847109302745814483799624820263309024136455435375614912739362803328648860741130945911648995533984769687207652092574439505802677556939312246922908389026445932186493671327487636406965725027712089890173351802811828344440972564631302191981265762758228
099113954233204209302928586925476876996065132979962097183287547234506654953746174475979035342443543872967264765104266963973967835104665390
87350769344520800956201376636144202878224373013280927347445845408927702598829438986591585927230262762391894917634686527208799569887
9667370159430369894300168047099360392905432674795666635370204424054138939312559979666834518666683345651114732389186822523194890529092481934489946700440022444041106642302028317315185588462028762664
11462431708708071886125002060859573533152926031119886958739187478504450028467433872537023553985569478428424055
27782839252555139468369121636519655826525184272246950688430815903786059955600282090559547721611153144625175270745688879932
11194420208628766455693672695734997244535504664715274236284149935061697949114488605268381155593387401359761329400450290722620382934190353326019679633718461291497112904020926059326028952664372718428391525646518951513671596310992225781994635055616838748343571
9279137318824542453666502679502202091593283420257909376058299317979627076289321779242328306488920482137734064601437566876222215225589
28330872008213591126285295342057698199637342773559103288042347282304262781437798392201547923309183658161212971468212999001079545552064882000
547804983681811165908258842626228234353200411396563563229251210357452460260279948255253789224768949742191842378607018923304174437439072855356595487435638375981094001196058371668010769158495510854562320538320798081175401170019951061450
68672692130075914254589905952141380311889061396992491646692974869291799951892065603593896510573744290278410875306747565991259945286881
3638306646677930042061844939440560892132182132552042173333945082437614362726560535687828943726780135974182948145596306870
662694875919162717345363194536165979002086541421358756924289200925148870575589211904012321523469721499800026467
4370054926950689783331174041122873553108122711249786235498919708759998670092802883447579448622590997595323605037973981785040457754075894
6316867488184535979185718394409915531793629908537555578571680252117595998357692840512678350489010372100131176265496685458612559301534186311730691560563550075118386453801199095570928051256666836803369248233860449887767327
