47 65 -111 -31 -33 -34$
48 18 41 -81 67 32 -62 46$
14 -91 23 1 -21 114 24$
-54 5 18 -14 -52 -71 -61$
18 67 6 90 0 -21 2$
21 -68 102 -77 30 -18 -62$
-126 -81 51 34$
8 0$
24 0$
-56 97$
1 -43 48 13 -100 30 58 45 35$
3 34 63 49 44$
9 -78 48 63 -75 -30 -68$
31 27 -22 -33$
12 42 -62$
66 -42 -80 -69 26 -26 51 73 -3$
34 -89 -106 64 95 -79 89 -27 100 -13$
28 42 26 35$
-37 110 -21 -63 -115 -109 100$
116 -35 -29$
21 -69$
34 -126 0 83 125 74 112$
22 54 66 -29$
22 -117 -59 -32$
17 -91 81 72 75 48 62 77 -19$
-128 6 1 -99 61 17 82$
16 4 50 -58 52 58 -11 115 -96 -59$
33 -119 75 -15 2 -15 46$
-45 -33 14 -35$
49 0$
12 15 2 -105 71 56 107 1$
99 -65 -16 -80 -21 -54 3$
-83 -67 -62$
-62 -125 45 -124 109$
27 0 -119 78 -77 13 -32$
29 28 34 -89 1 -81 -128 -62 124$
22 87 79 15 -114 46$
82 -44 3 -68 117 62 -4$
27 -38 -14 -49 -68 -70 -120 -48 107 -14$
-14 122 -25 -74$
17 -70 83 44 -126 -103 96 -59 -94$
26 -72 -1 95 94$
80 66$
-113 -79 -50 -43 -126$
27 60 -27 23$
-35 40 43 114 115 64 61 122 -7$
1 76 -17 -37 6$
-78 63 92 24 -94$
28 -79 110 111 -72 -34 34 27 26$
3 -103 61 -92 54 25 -95$
21 -1 -109 -63 45 74 7 92$
23 35 95 -50 -28 -8 59 96 -18 -3$
20 -46 -16$
-91 0$
28 124 -48$
17 52 -77 84 -65 -64 32$
22 -34 80 -93 -115 -65 -54 19 -23 -88$
50 0$
-3 -85 114 -30 10 -50 -39$
16 0$
16 18 27 -16 43 -102 -39 -78$
-46 -35 74 -69 46 -98 -104 36$
31 62 -18 95 -38 -54 -8 23$
34 -7 -10 -14 -61 -47 -47 114$
-91 -105 34 -86$
45 -7 119 4 41 13 2 -40 -2$
21 79 43 -69 -23 -11 49 -113 -13$
6 -64 91 73$
115 -60 102 39 -128$
13 117 91$
22 -41 -7 -98$
45 6 33 49 -12 -77 -8 -1$
-111 34 72$
124 -2 21 106 126 42$
29 -127 -35$
14 55 -13 62$
13 -86$
69 42 -54 -47 -38 95 -81 127$
26 -36 -80$
-80 -107 -69 8 -81$
-94 33 2 109 90 -48$
8 -19 -112 80 -12$
86 -21$
-63 126 -7 106 95 -69 -15$
-112 -63 -106 44 38 126 -32$
16 -29 -127 102 14$
17 -16 16 126 107$
13 10 119$
66 -69 41 66$
24 95 123 -90 17 -42 19 84$
-46 -43 -6 100 53 104 119 21 49$
-126 0 57$
6 -49 42 16$
23 -26 -114$
15 -13 59 17$
16 79 36 -63 18 103 -13 27 106 -32$
30 -14 -111 113 43 113 12$
31 -100 45 100 63 101 -119 -19$
15 98 -30 19 -119 -71 53 97 9 62$
61 -70 -68 5 -67 -112 111 66$
