1555200000
1123200000
432000000
1728000000
1123200000
604800000
1209600000
1641600000
1036800000
777600000
1036800000
345600000
1036800000
1036800000
1209600000
86400000
1209600000
1987200000
2073600000
1987200000
1209600000
1900800000
432000000
1036800000
259200000
259200000
1296000000
1728000000
1468800000
259200000
1296000000
172800000
1641600000
-2134967296
1900800000
172800000
1468800000
1468800000
518400000
518400000
86400000
1123200000
2073600000
1382400000
1814400000
345600000
259200000
86400000
1468800000
-2134967296
1382400000
1641600000
777600000
-2134967296
1036800000
2073600000
172800000
1555200000
604800000
1036800000
432000000
1555200000
2073600000
1468800000
1209600000
1382400000
1555200000
1382400000
604800000
777600000
1814400000
1814400000
777600000
432000000
2073600000
1814400000
86400000
345600000
345600000
2073600000
691200000
1123200000
1814400000
-2134967296
1123200000
1987200000
1555200000
691200000
604800000
-2134967296
604800000
1900800000
950400000
777600000
345600000
1382400000
604800000
777600000
1123200000
1036800000
