255 0
213 0
250 0
203 0
254 0
119 0
243 0
246 0
254 0
233 0
253 0
255 0
254 0
250 0
174 0
253 0
215 0
16 0
186 0
255 0
255 0
198 0
239 0
196 0
146 0
209 0
238 0
255 0
227 0
250 0
252 0
133 0
248 0
229 0
255 0
255 0
255 0
219 0
128 0
252 0
253 0
139 0
246 0
234 0
204 0
240 0
249 0
223 0
253 0
109 0
252 0
14 0
199 0
241 0
253 0
180 0
169 0
255 0
255 0
254 0
48 0
111 0
255 0
255 0
254 0
251 0
117 0
251 0
255 0
9 0
251 0
208 0
254 0
218 0
247 0
245 0
254 0
170 0
218 0
230 0
228 0
194 0
186 0
254 0
207 0
217 0
175 0
249 0
156 0
255 0
239 0
203 0
255 0
89 0
241 0
255 0
244 0
250 0
217 0
64 0
