10 3
9 23
6 6
11 11
3 9
4 4
17 12
19 19
16 16
11 10
14 4
22 22
1 1
17 17
4 4
14 2
18 18
12 2
0 11
5 14
20 20
21 11
21 1
0 10
6 12
8 3
15 15
10 5
20 17
11 14
4 3
20 14
8 10
4 4
22 1
15 7
9 11
22 22
22 20
21 8
0 3
21 12
4 13
14 22
10 21
7 12
20 19
13 13
16 11
9 9
22 8
8 7
0 6
9 19
19 19
7 9
10 20
22 0
5 5
20 8
16 13
21 21
11 16
15 22
15 23
9 18
18 20
14 7
8 8
16 1
10 7
12 19
2 5
2 3
7 21
2 16
18 2
15 16
22 12
0 0
4 22
13 19
1 12
11 4
2 2
2 19
2 20
12 13
3 12
2 11
22 21
13 22
5 14
15 15
22 9
23 12
22 22
12 23
17 7
10 17
