1408449179239976792534970469147867303441819540945202171167985562359885451659505547045047155150837248419823713030160921242042887210405351465470780997369930172385329462759
08509607530080874852237374863388481500251433335191979669164900203172586146903836698001626461886344278840177377887
02332941569165245975277168918631690710058191231916506258061960234115457519945458295972207325539351495562945271188825661476993810679137101325211718475632374785742092881703630535673169071852
928224189711355613848100959584308184475543060288397834359761512306442057548484105483915528380914482737589414028779871706720603182928321825130764381517220547279021009870216682462
339585126004840320080451822853306304659004767446288831137333394784095777060576155961894304678448041635296133663993109381494660840073843542053076979311042109961812351437866121102058460154064670239587928011117840646
78059457225391915720345358718808828824956604633226400634408110923878326193482312128318835064377906923029393058150080866342347337592
23516257326798623051314488159009146561384176142703176878784087783136743313103169728982189376394171968731043164913435461002162795383479045756128665901072477766
6443120105643567775405101768003459021979960512925444465068489551221805620020674125440707265307737373086478774064863164890603999188612626527733288081624741663161424495191052531374751716569454301513
8657273884358591490614155068586442962772046577083802106392258364776592975212738622765520054776927316657409719032753637333004778759562038293609541833571790065436705104453529067934715108827916742417728698609330567015794827173452846342984306840
0620931868632151811671341562280795378159720072506216384566270769956210238262712490723167851289015418353337857978296215016301106422232422375994437168081548502678938338591925629376300575115075075522672273
79446248343745410733440840741152685262778271050671358502468141578571782070542948561502181477356373648386907593736373651215628848394806216408859017701379374960051811936028323847061769656057317662564100318195387018719095
270488800600660356080410888255599510998020608638622407306441792212405124270346842807339797337414645999328415051518985018027624800945105019142319914938743606648427304934823921695337786058150121
7787368162825100103910675445073461414880992074248132797234921134353561274126533234130681271849369681711666948207527189617691280608695695871334166078323331589052270604108939153370805768926879638406246181447910912338323231104833368
517848516886574830888741676793586900747895685317556475553989153297977917369350657593544307149114496831701000757076141007166165422188689863384997637475382688003245597587089032325509
18421640837323045998461823827715772249261031757119754355714834221711555246934870373492709587069134887459638000968731933269870432672541959414138109923044685854283525133309735369908662713200795240069003185363613
6768021394966044555753472909085750427305768267733816923930351504041682619519032739431443192421743353638802991049859125396375800589778990154446227380623738816608577882958889192158097535
62809014658901601314233711618854840959432971492512385451256701939083447893595216557659351969661608958231162253
359318356104418328958964769831441502851730456777466918881057523773493291646608360546445572038631877672542919876
41763286646777725711634976505540252303567055085442322031559502022926617761201820836993170858632421963307500948572352144317521288216237841487745063386767560958669087015062294853782707492154936215546905935806364659334
1831625930300455564440804842163122686203843963294067205854573368978547105714284672922853532454131177192649845412968440510558459896802990791938498186362773362676610958567
72010355313213992403492975062342972482517586225431374502112282308998162016660560462355137393490657041325156007204464317279261095039640985510
92663282781001259423697804735052010260690043751959083816476696109995633637327697991968636005244916982495680747405555519720619865455557687313323654734589266253168827220843979001552924
211036502310683637836151093462879934461837720594558954585006548046308768935373897275997029678814732897552250992845156087407358996363087281074918802259478074256791739695934832156061888769458456763087845902032773385432521413806319678064146073914159894240597944
527418290701886699299056246238380216022663897497180338803136473114297737084791037038377571015799486860844054094323599400288265914004400065627943677770971250901874374898434493793273065780847551
60633216805263792611702500998515671687102207678195879248966865193558957878037226486605953898315721409224620148198239653613305787470300094606789625880322927698853980164708742007360265698473299940762709984497187318698883817465496291
02056904947790021122044253086414550335248038254483068306590721514436585948953801009753262473907190150448413061696099499631489604812364366411607070194696411505463015466495452495998442892383561823394686913411764026471574
2795715371047348330695328994157532478260387357259344699314454387206897973579877498433313943806127189645605508883664175998248308571903708543771
81689401315802675309443213598260327145047692492962972103762298589376370006523251066102952765300216134541654528351848384876361813307605496653056474215858896972456948846
018150283740695764832802081450032440173229916299337555554487025194180391815950595960512925186955886174593232212456168449370747580273282956760720989920108050497993
312298675333096581543309949391459141723612905538120338482560738293555529433206143251030881372723910085356166066543939539067347544653322807645941838430414539067209258834716198
537308254933622578329624642583473179295367592563250580613687724813845633406663217581369314969023826654417520651783884665635
036640225382216314914825670446655646248582742375921244828518224796397686964224150201146475931336012717943106274871145533787955108062835678
173176150060371623284525667403894111563857571531640655024198613017328347094028549496787429487792567979836414282138
32982348574492166602370000909070574499220938491492636909835925017713269739819236775398732739749153862896510153728224903937386874398530957184175897428318548584638270761020371071455470906689076828165773327584727415369586060542962298925496
282716429105789763392793229395548950317674414420068669407322818398304201655694405041826680073188794979140925597444167842660146227369493414210672992
3602211613922840272727720673400052318494616325277749010151210653020816965466736357526576256441703692
9330676439870666132737831983860824145392385615593890648700216313895387458816708868724507566523103801830815964688397128229489264943643888159490783376479426978704989545209632137073343348524467205923393786070597620684552048135068961505758771891838
76525557156031560306852803440679147778961153929385353538681832487694147929102429425295554275055289468486
735304834636461430616914340786887266521550587385313658895886315601504466927534411580590291702262171887601169788594806594458647328800497395588622978460724002557071546704922627742654240958693183960798947
52426325831990952538199506122308816167824902330752082358457140619898907836543598440041190559964639790000095670350760058008361170536232651607124523746990554771147416778102992762339543618784948893433557616065157470218855185
74280486603154862544648642136138858177757745259176215325564670507598678159535770037614601317567983727377709202659161902011
9692184501576283878867956681431937858428484356258837700677972956078343905141062770138961323083825660033316398198752667958344981840742227953133435804676225399630357352339093009301022503866164986149472
9919841201323657928756216132842877397975000625262556000508646574196498169187050619406347118773536152735636904519089934272015356257297762756730918096556902851254375025179124547016916356420097239082
183236216350461817900478092959900180999616613434163409487322652138564058942687451624131793495979238976534819585952811131516462596580960919922003138975632048681282570086104047626688759448577084912939
08996269096212941523488296036806808721643011836881766029266130905854676918241673504098216335904140933878813896307889443
54966867480654709049169860668311714843510976384156279558633497846775074921013157595446134794815457255116766946147161384628
31851334091729371779479135622040398157955000323969422013954364630758758877502922777445436205130021135686646964809317198856199683578047355376439920413594090304282660111560860968539
91430928833575514153265762758023373227759723070251193645787302997214143857639589259858493408659003931466694434487612274056340127864970378962521208
33656140211237843198746784872391858625715644922472222797804885351651724839592848547970366913089552802512442993073303509733266078871276804996315177855839462590158967165228768789956130999286018578735817588736273498073004974915757488062625086670325586914049
9899011356618570711830152057439221667043389527738577492884101852110794972156552673272825379465803481143660418824867501209186489514068974620634688418561812400356377121146384111538544057258391614824405065643446526600705158691703893941512804800087196460813350209
705000059891807647053628288561338046172283114912673476346592911599838165241622800959594215223111571446005212460888117149826113975824466562824
54950936234185802412460643877359565327320862598484578048032069783324446020193292546864030709300254445787478984940367116999572703233093153026640375277011321275458692572711163198980898922320045613821372247724735374508813404176891688577994021965180720516453134
99653262141113694566850325385146742673483940964999919227530432287898829813132141893601787873064301721231349222165505608202119585355476910127964890301381871065686568833737144604720817989823642830797754058850221941147102326558158568595383428
312952672942914216400652989421631872246172989033618043835153374505783234557853586735933745217440973077031120005769923528185546150726805295993788488605114985112953816586545676450
2716016748696248281374639708840891664068315464676317557369255927382950975817071716803878250433752785404848
42162650864718986998242685798143126407991900479807410986428219666423870767025574891966854070993658423494937153082892693063553344795095830647902260810892496069470033395219593357322596448222514903370878637768711
55142589904181185420796105552804102782794285903803660104929161986808251861579221366667094594947733931325099122645949274534008720212612
81193322002773393799174573164252962591499670942565201761012307507320172282468052442662960802172521149039162034481234561459308543084679613776970907524610349916060273799877368157616934112140634270832689744331773176144943488566961188291775429151385599329608582
61084822343847767164716046050130841330951257071708683058892603770367007618064061452842787265483105365619109352640887743898067154198077606034574557448610404421872635995458899618404285234
6923178734594204235211707803197692179301190127393540376855729623290873298714844653711888474220373605813403796580633391157822987627023716659647982289579088783345689516223366373349216098569990507529814830887
6514897179138674277110346605659030245011509943904225443121948324286928284615322603807505337439436956668843775462641006163215236063130749235148601038787496
5820692911540488792392253248150657901340602088968994458322322716680201687860535549811724721014118144534532804739268951
670698255744257286188609737105517719789633843057719844185273991129719795171734068968755620561458608797220945173670797553029413848951801874437296994770634982986299650184564713641614707036373446718
5906395052842987662853685992277856668789294054101329736097147925188543995836608254111539132345224666158496963281286369358780376
18270744726111226891317040415120221644453598644357928855516173768055792943211995029597241647137604015782681388906064989634141526399903057599396099332683933127280471559415065721442713932139844688030104
80380480448304651986082894650501787810489642898323910567053831521091626841900118128877295401712068791875798108688349662664
220936429917956725228548474081531202314397098692949791564042004485430979892601245222393152690004612659927544488680187345472481391379118887597326996555620897011503429985567323056985274790651649112186465096620589
935641729119543056155002134521104619449145767403359650299939375198987064571654099297999641776650472734608340640125014483845205414434837452364149089312570885818536993438480628535553084424408380716204488847586138760352861937782688134146401627766
0266782174383679403264438444712051149737649956457961187245129778499769336471394986779167955029285066325466310201173942687
5758965400483612736395341182008426351447363930290975373187093480546966567810663370609588083175007728128584960445815050426160218192228869374482684697586159815697122599734482256526328114712299073175898140878784448539106317543782595537207114
8113024425251238676311615072650176998462080393116616916603692590669525648367888061870380741239295759033122226871506433362887966911531316301905821948861198961539955200801
313395823412793250332271274101470054025716208829499397650556997574059189071462843552952137721475285230041082423360225557189791865235365951659312734466747516224092545946690834807329591736
4566654880939965072209770555870683647393753651573372400358581637268685900421994476423473051519924581313701172061357
25099279200031909672355798437430274411345338287744994111230808742801879055861460281586393477374405742575745275614816
0803318806769775220100599983019899749570949292964473810442939340582337385191592125156199537668281452825748186205056626967755893531679112230484941974216109746164580223595551232383859261216773129767235211719
21994352582463642480948690234877073668871832967307975044348230758271350714719902160751393031265466634436693719846570849727262122381415728352451399368098498915906844083170238808861148405059739
7617123943545230631635684738933329908040591493499486203376182104763052508095332914221260933151706920936989697534383393752872904566463669623779369434758679021088620573407778337308389
3624078913683028890146662777615354404880150560591422239436792154298077013668694264020598174251707733943869425237398612993807192262742134772073567019948
957663330644578030041639831215332788911836275791383147538485067759185566364648592626609700495093846534363300583401397763083742478275748860993986499
12402724812872582585132462643171315919247128743852259537684142344749983047604305303785040685176148749531412473729923127225359273836279461065987558833492828336598038702853843165489111762646442793192911043795077555209449985836894547128999812041888
83864741233752366414652907424545277337702170419139862623308134423730687695831434441678435833709307859446572449923198250
0302342189241287213501452562788754391436955985906799890495129618426686211787200056104196480639069681938832932
3301862822227075328922722188475441905855760144338316472002126268684620595168266984610410188816979974821511839452120668992040379993013435199222749506600743545542691039877158120800931642
860030483822697869981944655066719225420519353294863390124087883595621294795828570933978993599202263245731964963
3250575535336724017111325206169450022128535472380723292537418432369674108975809999788910148069938030420872012952391802211702732922655950127
77190358116018382864791498036602215789508211687754647044528290963175037739314439384352135235900816844565918215346520722108092889500868530674209231813353751765786975674456579709845277163769993717648592296022570522269774583393190355982367
20479452362055541469041930391057320224272774741784881439295837289356789501818402158189078943810624366683383609310760604706495686979957627718
4200631750189943997598329758274826209156493059977111987866371498723597437888385884799778936815168299998252044102127777905666224667344093345727541010543596191659519795422049982970821764592384578012030677049340227182338342736092
93332550656426989947708461602601196111658577458233191508445893817721746828283071707625774265450835778908830617890783353292553196165943
36758619670397038015444593588745990381005322330917147020226540494321237831549601725210618525282481992702829630538630632933185525397032244618140242608248180
46632722676654752533689425390177955391391102994453153848837582630686279781083597426086268566849109023716805209040606076141667076183984579660695169067573849649782644457711696334871759148255
99890981199960787095813162578663374398749585982328400563492691420832491653577889132578900087543155619773184168565027138099520594542394631114785024271333887614141113681400124799574038092014489594
35260129393094931161710815955546829075778792018272420363165023204774124572030236813621551885090683796593399557383648754810260517039209783963188472358306485636017662626117855546876319595358799209856058421505556
575128911782666812233661197737983710665638551104371211584926776993702222214990363059672688786610915156948584347419962088566799884663665126502532035144273127424804
953541219015564594965441149708856190782119580583586643135701096294712269753808182415953988423916819739913972557961277213825323461150167093989753338549063508334862057238633987633897176985703793602497002166
5536391515458975228564985582079045074319080448260442573921669563824001372363593022117877900841096346327017278
39177649451505924862672757019188679361981401906301900554395203564350326061473157347933883152931634947129276701910055558992680631402291554238456107
803197917754928119675542808612927733176471556007995152107311125321913677648293859888322216171882483328804425584512597483470305611061567819683350315613858652856296242438635526953211786127480982580705899345126269911393057717011724886684016499098975170434
37942352849465990835728434618717398580992393768154812542412127910126965115870430552270397449265323613732623354945772994933168165320065022911072550804891299159333522316169720328151674898132442336108634641592827100760206863849740
16100256888510761400733743270516979407628242744287544294849864305335190163636302464972313540110091088806084463290616651495279148029812404512670224542339981580702669960998421526954835516324
