2708469000000
2298245400000
1824856200000
2108943000000
3592081800000
3749934600000
3970773000000
2045784600000
2740095000000
3592081800000
1730251800000
2108943000000
3749934600000
3497477400000
4223151000000
3497477400000
1856482200000
2456011800000
3939237000000
4381003800000
1919554200000
3308088600000
2740095000000
4444075800000
3560549400000
3718315800000
3213394200000
1604021400000
3055624200000
1477787400000
4097007000000
1604021400000
3276552600000
2897857800000
3087160200000
2834703000000
3118786200000
2740095000000
3623707800000
2298245400000
3118786200000
4097007000000
3308088600000
3876168600000
4128539400000
3907704600000
2740095000000
4097007000000
4128539400000
3465855000000
2866321800000
1824856200000
3560549400000
1856482200000
2740095000000
2645400600000
3655243800000
3529013400000
4128539400000
1604021400000
4002399000000
4381003800000
3434315400000
2582242200000
3844546200000
1951090200000
2740095000000
1540863000000
2266709400000
4349377800000
4002399000000
3970773000000
1604021400000
1414632600000
2140479000000
4002399000000
2929397400000
1919554200000
3055624200000
3844546200000
4002399000000
1351560600000
3276552600000
3970773000000
4317841800000
2235173400000
1919554200000
4223151000000
3813010200000
4097007000000
2392939800000
2929397400000
4065471000000
1698629400000
3592081800000
4033935000000
2424475800000
2235173400000
2771631000000
2108943000000
