103 -85 -108 117 127 -38$
28 -21 -85 17 -77 40 -81 29 -67$
0 -57 -34$
40 57 41 -11 -124 43 43$
24 81$
11 51 89 97 32 123 -113 32$
96 -31 36 -60 -85 -20 -30$
51 6 37$
10 94 10 -41 62 -120 -44$
19 98 43 -103 35 37$
-87 7 -74 -31$
21 0 33 -117 -39$
52 100 -37$
18 -91$
12 27 -41 65 82 -116 -47$
-79 14 -8 59 42$
33 21 35 66 45 10$
13 -114 -9 22 -40 47 -100 85 -29 106$
22 -126 33 -34$
23 -112$
4 -84 44 -17 111 125 -33$
83 97 -102$
64 30 36 10 -22$
2 15 -106 -38$
13 -99 6 103 19 -24 -95 -29 67 -96$
32 -36 105 59 18$
-1 58 125 51 -17 -70 30$
-13 59 71 -83 -45$
18 4 124$
17 38 -40 91 35 77 119 -16 73 -80$
-94 72 -73$
110 66 38$
28 103 -92 42 40 -72 -27 21$
124 -83 -118 -116 50 102 51 75$
8 -45 22 -119 79$
23 22 43$
27 60 122 -81 15 11 35 -24 104$
18 42 50 -50 33 105 -63 43 46$
125 54 73 -64 -77$
11 74 22$
77 32 42 -62 -121$
-57 84 -77 -93 -121 80 -115$
31 61 -61 59 122 -67$
21 42$
18 52 -92$
17 35 116 5$
12 44 -55 -84 35$
-73 44 18 78 15 -90 -28 -15 -16$
35 50 62 -70 -121 -18$
14 -83 -108 -55 -3 127$
27 59 -98 -51 -86 -37 -11$
104 -86 -93 -73 -67 65 -99$
-18 86$
34 29 47 -122$
18 34 -76 21$
8 -79 -91 -61 77 -41 63 -84 101$
14 32 -64 17 -44 48$
36 125 -69 -69 -28$
-75 -82 -53 92 -31 -55$
-62 -122 3 -62 35 97 -2 -30 -27$
11 4 -5$
14 75 -127 -94 -4 -63 -90 -91 127 42$
15 0 -41 109 47 83 22$
12 41 29 -13 27$
20 34 61 -98 -76 122 -42 -77 -93 59$
10 47 -46 2 6$
12 -127 -14 12 -109 13 -125 82 113$
19 -21 49 110 -93 -15 -14 35 75 -89$
69 -100 -124$
71 73 -35 -98 -78 31 -46$
34 26 -26 -100 -36 -111$
70 46$
20 110$
-81 26 29 82 50 69 -65 -62$
26 -30$
23 3 38 106 -62 -14 -31 57$
11 -48 -85 -125 17 60$
68 -93 28 69 49 -119 46 -60$
12 92 -128 -75 117$
33 -56 54 91 35$
-119 77 -29 -103 51 50 -33 51 27$
-112 8 43$
-1 -68 -65 88 8 -17$
-69 92$
94 -4 -63 7 -118 59 -80 -22$
14 65 -38 27$
27 -22 -125 6 -21 43 -57$
72 72 75$
19 -40 -59$
13 -104 -83$
16 55$
97 81 112$
110 -42 -50 126 33 -94$
31 99 56 -124$
20 -75$
-93 -94 -13$
-97 -107 -97 97$
-8 85 -33 102 41 -51 -29 -10$
12 -100 6 76$
31 -103 95 60$
