1580347800000
1556584200000
1556584200000
1409358600000
1519781400000
1388367000000
1501374600000
1469838600000
1417311000000
1338337800000
1346286600000
1538267400000
1525048200000
1383096600000
1540863000000
1575077400000
1417311000000
1359509400000
1375144200000
1425087000000
1538267400000
1535589000000
1512005400000
1356831000000
1575077400000
1346286600000
1343608200000
1438216200000
1419903000000
1577669400000
1517275800000
1530318600000
1456709400000
1343608200000
1440894600000
1377822600000
1414632600000
1341016200000
1417311000000
1335745800000
1575077400000
1393551000000
1435624200000
1540863000000
1364607000000
1575077400000
1404088200000
1469838600000
1546133400000
1556584200000
1412037000000
1522369800000
1501374600000
1567125000000
1517275800000
1546133400000
1385775000000
1377822600000
1551317400000
1401409800000
1572399000000
1351560600000
1435624200000
1483061400000
1330479000000
1485739800000
1414632600000
1467246600000
1346286600000
1548811800000
1485739800000
1401409800000
1567125000000
1509327000000
1338337800000
1543541400000
1483061400000
1451439000000
1504053000000
1535589000000
1527640200000
1522369800000
1527640200000
1469838600000
1435624200000
1506731400000
1498782600000
1398817800000
1451439000000
1446168600000
1480469400000
1425087000000
1454117400000
1467246600000
1483061400000
1354239000000
1472517000000
1467246600000
1391045400000
1348965000000
