8 21
15 23
8 8
1 23
21 13
20 10
7 22
5 16
16 9
4 1
22 0
19 10
14 8
14 13
8 8
4 4
15 10
14 19
13 0
23 0
8 8
23 4
8 8
11 11
6 0
11 17
3 3
4 17
8 3
18 0
21 18
18 21
8 11
0 17
16 16
2 2
15 14
2 12
16 16
18 12
1 10
7 7
19 8
22 22
22 7
13 8
18 7
17 7
0 0
6 6
19 7
20 19
17 17
15 10
19 19
15 15
6 14
17 3
19 20
17 17
9 3
19 3
19 15
7 9
15 4
0 14
23 3
8 5
17 13
13 11
1 7
9 15
3 14
15 1
2 2
20 14
23 5
19 0
11 11
18 20
18 16
23 23
22 19
9 1
11 7
16 17
17 17
7 23
12 12
5 5
18 7
11 20
14 14
16 18
22 4
10 10
13 18
2 10
23 23
4 4
