1327800600000
1320283800000
1326072600000
1324949400000
1323307800000
1324171800000
1322271000000
1325122200000
1326418200000
1327023000000
1323999000000
1321234200000
1326936600000
1321493400000
1327109400000
1319934600000
1324690200000
1321407000000
1326159000000
1328491800000
1320370200000
1326850200000
1323221400000
1324431000000
1325986200000
1324690200000
1326245400000
1321579800000
1321752600000
1323135000000
1321839000000
1323912600000
1325727000000
1328232600000
1326504600000
1327282200000
1327023000000
1321579800000
1327282200000
1326159000000
1328232600000
1324171800000
1325035800000
1322357400000
1322184600000
1328146200000
1324171800000
1328146200000
1326159000000
1326245400000
1321234200000
1328232600000
1327887000000
1327455000000
1324517400000
1327541400000
1327455000000
1323999000000
1326245400000
1325381400000
1324344600000
1325122200000
1325035800000
1321493400000
1326418200000
1323394200000
1324258200000
1321320600000
1327195800000
1322616600000
1325554200000
1324171800000
1326331800000
1325899800000
1325813400000
1324344600000
1326763800000
1324690200000
1323567000000
1325554200000
1327887000000
1321234200000
1324863000000
1320888600000
1320197400000
1320024600000
1322703000000
1320543000000
1323394200000
1323567000000
1328232600000
1327714200000
1328232600000
1327714200000
1320456600000
1325640600000
1323307800000
1325640600000
1324517400000
1325813400000
