96859664628723031
78438823111233694
91241507908698600
102099665173027522
96859664628723031
78438823111233694
45620753954349300
51049832586513761
24802070590795095
25524916293223034
37424491561237768
98390215320494376
96859664628723031
78438823111233694
9591956935385332
48110690502470409
24802070590795095
25524916293223034
9356122890309442
48327573934025765
96859664628723031
78438823111233694
91241507908698600
102099665173027522
96859664628723031
6381229073305758
76735655483082657
120168284540398345
96859664628723031
3190614536652879
4678061445154721
480673138161593381
96859664628723031
78438823111233694
38367827741541328
48110690502470409
96859664628723031
78438823111233694
19183913870770664
240336569080796690
24802070590795095
156877646222467389
91241507908698600
102099665173027522
24802070590795095
156877646222467389
91241507908698600
51049832586513761
24802070590795095
25524916293223034
4678061445154721
192442762009881637
96859664628723031
6381229073305758
4678061445154721
96655147868051530
24802070590795095
25524916293223034
18712245780618884
49195107660247188
385090040780434775
19609705777808423
19183913870770664
24163786967012882
96859664628723031
78438823111233694
19183913870770664
96221381004940818
24802070590795095
12762458146611517
364966031634794401
204199330346055044
24802070590795095
156877646222467389
38367827741541328
48110690502470409
385090040780434775
19609705777808423
11405188488587325
51049832586513761
96859664628723031
78438823111233694
91241507908698600
51049832586513761
385090040780434775
19609705777808423
19183913870770664
240336569080796690
96859664628723031
78438823111233694
91241507908698600
102099665173027522
96859664628723031
3190614536652879
76735655483082657
408398660692110089
24802070590795095
12762458146611517
76735655483082657
24163786967012882
