87 45 66 15 90 29 88 61 33 74 88 99 87 45 66 15 90 29 88 61 33 74 88 99 74 88 99 87 45 66 15 33#57
87 45 66 15 90 29 88 61 33 74 88 99 87 45 66 15 90 29 88 61 33 74 88 99 74 88 99 87 45 66 15 33#58
87 45 66 15 90 29 88 61 33 74 88 99 87 45 66 15 90 29 88 61 33 74 88 99 74 88 99 87 45 66 15 33#58
87 45 66 15 90 29 88 61 33 74 88 99 87 45 66 15 90 29 88 61 33 74 88 99 74 88 99 87 45 66 15 33#59
87 45 66 15 90 29 88 61 33 74 88 99 87 45 66 15 90 29 88 61 33 74 88 99 74 88 99 87 45 66 15 33#57
87 45 66 15 90 29 88 61 33 74 88 99 87 45 66 15 90 29 88 61 33 74 88 99 74 88 99 87 45 66 15 33#59
87 45 66 15 90 29 88 61 33 74 88 99 87 45 66 15 90 29 88 61 33 74 88 99 74 88 99 87 45 66 15 33#58
87 45 66 15 90 29 88 61 33 74 88 99 87 45 66 15 90 29 88 61 33 74 88 99 74 88 99 87 45 66 15 33#59
87 45 66 15 90 29 88 61 33 74 88 99 87 45 66 15 90 29 88 61 33 74 88 99 74 88 99 87 45 66 15 33#55
87 45 66 15 90 29 88 61 33 74 88 99 87 45 66 15 90 29 88 61 33 74 88 99 74 88 99 87 45 66 15 33#55
87 45 66 15 90 29 88 61 33 74 88 99 87 45 66 15 90 29 88 61 33 74 88 99 74 88 99 87 45 66 15 33#56
87 45 66 15 90 29 88 61 33 74 88 99 87 45 66 15 90 29 88 61 33 74 88 99 74 88 99 87 45 66 15 33#57
87 45 66 15 90 29 88 61 33 74 88 99 87 45 66 15 90 29 88 61 33 74 88 99 74 88 99 87 45 66 15 33#57
87 45 66 15 90 29 88 61 33 74 88 99 87 45 66 15 90 29 88 61 33 74 88 99 74 88 99 87 45 66 15 33#59
87 45 66 15 90 29 88 61 33 74 88 99 87 45 66 15 90 29 88 61 33 74 88 99 74 88 99 87 45 66 15 33#55
87 45 66 15 90 29 88 61 33 74 88 99 87 45 66 15 90 29 88 61 33 74 88 99 74 88 99 87 45 66 15 33#56
87 45 66 15 90 29 88 61 33 74 88 99 87 45 66 15 90 29 88 61 33 74 88 99 74 88 99 87 45 66 15 33#55
87 45 66 15 90 29 88 61 33 74 88 99 87 45 66 15 90 29 88 61 33 74 88 99 74 88 99 87 45 66 15 33#57
87 45 66 15 90 29 88 61 33 74 88 99 87 45 66 15 90 29 88 61 33 74 88 99 74 88 99 87 45 66 15 33#57
87 45 66 15 90 29 88 61 33 74 88 99 87 45 66 15 90 29 88 61 33 74 88 99 74 88 99 87 45 66 15 33#56
87 45 66 15 90 29 88 61 33 74 88 99 87 45 66 15 90 29 88 61 33 74 88 99 74 88 99 87 45 66 15 33#57
87 45 66 15 90 29 88 61 33 74 88 99 87 45 66 15 90 29 88 61 33 74 88 99 74 88 99 87 45 66 15 33#58
87 45 66 15 90 29 88 61 33 74 88 99 87 45 66 15 90 29 88 61 33 74 88 99 74 88 99 87 45 66 15 33#58
87 45 66 15 90 29 88 61 33 74 88 99 87 45 66 15 90 29 88 61 33 74 88 99 74 88 99 87 45 66 15 33#58
87 45 66 15 90 29 88 61 33 74 88 99 87 45 66 15 90 29 88 61 33 74 88 99 74 88 99 87 45 66 15 33#57
87 45 66 15 90 29 88 61 33 74 88 99 87 45 66 15 90 29 88 61 33 74 88 99 74 88 99 87 45 66 15 33#56
87 45 66 15 90 29 88 61 33 74 88 99 87 45 66 15 90 29 88 61 33 74 88 99 74 88 99 87 45 66 15 33#58
87 45 66 15 90 29 88 61 33 74 88 99 87 45 66 15 90 29 88 61 33 74 88 99 74 88 99 87 45 66 15 33#58
87 45 66 15 90 29 88 61 33 74 88 99 87 45 66 15 90 29 88 61 33 74 88 99 74 88 99 87 45 66 15 33#58
87 45 66 15 90 29 88 61 33 74 88 99 87 45 66 15 90 29 88 61 33 74 88 99 74 88 99 87 45 66 15 33#55
87 45 66 15 90 29 88 61 33 74 88 99 87 45 66 15 90 29 88 61 33 74 88 99 74 88 99 87 45 66 15 33#56
87 45 66 15 90 29 88 61 33 74 88 99 87 45 66 15 90 29 88 61 33 74 88 99 74 88 99 87 45 66 15 33#59
87 45 66 15 90 29 88 61 33 74 88 99 87 45 66 15 90 29 88 61 33 74 88 99 74 88 99 87 45 66 15 33#57
87 45 66 15 90 29 88 61 33 74 88 99 87 45 66 15 90 29 88 61 33 74 88 99 74 88 99 87 45 66 15 33#57
87 45 66 15 90 29 88 61 33 74 88 99 87 45 66 15 90 29 88 61 33 74 88 99 74 88 99 87 45 66 15 33#57
87 45 66 15 90 29 88 61 33 74 88 99 87 45 66 15 90 29 88 61 33 74 88 99 74 88 99 87 45 66 15 33#56
87 45 66 15 90 29 88 61 33 74 88 99 87 45 66 15 90 29 88 61 33 74 88 99 74 88 99 87 45 66 15 33#57
87 45 66 15 90 29 88 61 33 74 88 99 87 45 66 15 90 29 88 61 33 74 88 99 74 88 99 87 45 66 15 33#58
87 45 66 15 90 29 88 61 33 74 88 99 87 45 66 15 90 29 88 61 33 74 88 99 74 88 99 87 45 66 15 33#55
87 45 66 15 90 29 88 61 33 74 88 99 87 45 66 15 90 29 88 61 33 74 88 99 74 88 99 87 45 66 15 33#58
87 45 66 15 90 29 88 61 33 74 88 99 87 45 66 15 90 29 88 61 33 74 88 99 74 88 99 87 45 66 15 33#56
87 45 66 15 90 29 88 61 33 74 88 99 87 45 66 15 90 29 88 61 33 74 88 99 74 88 99 87 45 66 15 33#59
87 45 66 15 90 29 88 61 33 74 88 99 87 45 66 15 90 29 88 61 33 74 88 99 74 88 99 87 45 66 15 33#58
87 45 66 15 90 29 88 61 33 74 88 99 87 45 66 15 90 29 88 61 33 74 88 99 74 88 99 87 45 66 15 33#57
87 45 66 15 90 29 88 61 33 74 88 99 87 45 66 15 90 29 88 61 33 74 88 99 74 88 99 87 45 66 15 33#56
87 45 66 15 90 29 88 61 33 74 88 99 87 45 66 15 90 29 88 61 33 74 88 99 74 88 99 87 45 66 15 33#59
87 45 66 15 90 29 88 61 33 74 88 99 87 45 66 15 90 29 88 61 33 74 88 99 74 88 99 87 45 66 15 33#59
87 45 66 15 90 29 88 61 33 74 88 99 87 45 66 15 90 29 88 61 33 74 88 99 74 88 99 87 45 66 15 33#56
87 45 66 15 90 29 88 61 33 74 88 99 87 45 66 15 90 29 88 61 33 74 88 99 74 88 99 87 45 66 15 33#55
87 45 66 15 90 29 88 61 33 74 88 99 87 45 66 15 90 29 88 61 33 74 88 99 74 88 99 87 45 66 15 33#58
87 45 66 15 90 29 88 61 33 74 88 99 87 45 66 15 90 29 88 61 33 74 88 99 74 88 99 87 45 66 15 33#56
87 45 66 15 90 29 88 61 33 74 88 99 87 45 66 15 90 29 88 61 33 74 88 99 74 88 99 87 45 66 15 33#58
87 45 66 15 90 29 88 61 33 74 88 99 87 45 66 15 90 29 88 61 33 74 88 99 74 88 99 87 45 66 15 33#57
87 45 66 15 90 29 88 61 33 74 88 99 87 45 66 15 90 29 88 61 33 74 88 99 74 88 99 87 45 66 15 33#56
87 45 66 15 90 29 88 61 33 74 88 99 87 45 66 15 90 29 88 61 33 74 88 99 74 88 99 87 45 66 15 33#55
87 45 66 15 90 29 88 61 33 74 88 99 87 45 66 15 90 29 88 61 33 74 88 99 74 88 99 87 45 66 15 33#58
87 45 66 15 90 29 88 61 33 74 88 99 87 45 66 15 90 29 88 61 33 74 88 99 74 88 99 87 45 66 15 33#55
87 45 66 15 90 29 88 61 33 74 88 99 87 45 66 15 90 29 88 61 33 74 88 99 74 88 99 87 45 66 15 33#56
87 45 66 15 90 29 88 61 33 74 88 99 87 45 66 15 90 29 88 61 33 74 88 99 74 88 99 87 45 66 15 33#56
87 45 66 15 90 29 88 61 33 74 88 99 87 45 66 15 90 29 88 61 33 74 88 99 74 88 99 87 45 66 15 33#56
87 45 66 15 90 29 88 61 33 74 88 99 87 45 66 15 90 29 88 61 33 74 88 99 74 88 99 87 45 66 15 33#59
87 45 66 15 90 29 88 61 33 74 88 99 87 45 66 15 90 29 88 61 33 74 88 99 74 88 99 87 45 66 15 33#56
87 45 66 15 90 29 88 61 33 74 88 99 87 45 66 15 90 29 88 61 33 74 88 99 74 88 99 87 45 66 15 33#55
87 45 66 15 90 29 88 61 33 74 88 99 87 45 66 15 90 29 88 61 33 74 88 99 74 88 99 87 45 66 15 33#55
87 45 66 15 90 29 88 61 33 74 88 99 87 45 66 15 90 29 88 61 33 74 88 99 74 88 99 87 45 66 15 33#57
87 45 66 15 90 29 88 61 33 74 88 99 87 45 66 15 90 29 88 61 33 74 88 99 74 88 99 87 45 66 15 33#58
87 45 66 15 90 29 88 61 33 74 88 99 87 45 66 15 90 29 88 61 33 74 88 99 74 88 99 87 45 66 15 33#55
87 45 66 15 90 29 88 61 33 74 88 99 87 45 66 15 90 29 88 61 33 74 88 99 74 88 99 87 45 66 15 33#57
87 45 66 15 90 29 88 61 33 74 88 99 87 45 66 15 90 29 88 61 33 74 88 99 74 88 99 87 45 66 15 33#56
87 45 66 15 90 29 88 61 33 74 88 99 87 45 66 15 90 29 88 61 33 74 88 99 74 88 99 87 45 66 15 33#57
87 45 66 15 90 29 88 61 33 74 88 99 87 45 66 15 90 29 88 61 33 74 88 99 74 88 99 87 45 66 15 33#59
87 45 66 15 90 29 88 61 33 74 88 99 87 45 66 15 90 29 88 61 33 74 88 99 74 88 99 87 45 66 15 33#58
87 45 66 15 90 29 88 61 33 74 88 99 87 45 66 15 90 29 88 61 33 74 88 99 74 88 99 87 45 66 15 33#56
87 45 66 15 90 29 88 61 33 74 88 99 87 45 66 15 90 29 88 61 33 74 88 99 74 88 99 87 45 66 15 33#58
87 45 66 15 90 29 88 61 33 74 88 99 87 45 66 15 90 29 88 61 33 74 88 99 74 88 99 87 45 66 15 33#57
87 45 66 15 90 29 88 61 33 74 88 99 87 45 66 15 90 29 88 61 33 74 88 99 74 88 99 87 45 66 15 33#56
87 45 66 15 90 29 88 61 33 74 88 99 87 45 66 15 90 29 88 61 33 74 88 99 74 88 99 87 45 66 15 33#59
87 45 66 15 90 29 88 61 33 74 88 99 87 45 66 15 90 29 88 61 33 74 88 99 74 88 99 87 45 66 15 33#59
87 45 66 15 90 29 88 61 33 74 88 99 87 45 66 15 90 29 88 61 33 74 88 99 74 88 99 87 45 66 15 33#56
87 45 66 15 90 29 88 61 33 74 88 99 87 45 66 15 90 29 88 61 33 74 88 99 74 88 99 87 45 66 15 33#56
87 45 66 15 90 29 88 61 33 74 88 99 87 45 66 15 90 29 88 61 33 74 88 99 74 88 99 87 45 66 15 33#57
87 45 66 15 90 29 88 61 33 74 88 99 87 45 66 15 90 29 88 61 33 74 88 99 74 88 99 87 45 66 15 33#58
87 45 66 15 90 29 88 61 33 74 88 99 87 45 66 15 90 29 88 61 33 74 88 99 74 88 99 87 45 66 15 33#59
87 45 66 15 90 29 88 61 33 74 88 99 87 45 66 15 90 29 88 61 33 74 88 99 74 88 99 87 45 66 15 33#59
87 45 66 15 90 29 88 61 33 74 88 99 87 45 66 15 90 29 88 61 33 74 88 99 74 88 99 87 45 66 15 33#59
87 45 66 15 90 29 88 61 33 74 88 99 87 45 66 15 90 29 88 61 33 74 88 99 74 88 99 87 45 66 15 33#56
87 45 66 15 90 29 88 61 33 74 88 99 87 45 66 15 90 29 88 61 33 74 88 99 74 88 99 87 45 66 15 33#55
87 45 66 15 90 29 88 61 33 74 88 99 87 45 66 15 90 29 88 61 33 74 88 99 74 88 99 87 45 66 15 33#59
87 45 66 15 90 29 88 61 33 74 88 99 87 45 66 15 90 29 88 61 33 74 88 99 74 88 99 87 45 66 15 33#57
87 45 66 15 90 29 88 61 33 74 88 99 87 45 66 15 90 29 88 61 33 74 88 99 74 88 99 87 45 66 15 33#58
87 45 66 15 90 29 88 61 33 74 88 99 87 45 66 15 90 29 88 61 33 74 88 99 74 88 99 87 45 66 15 33#58
87 45 66 15 90 29 88 61 33 74 88 99 87 45 66 15 90 29 88 61 33 74 88 99 74 88 99 87 45 66 15 33#59
87 45 66 15 90 29 88 61 33 74 88 99 87 45 66 15 90 29 88 61 33 74 88 99 74 88 99 87 45 66 15 33#58
87 45 66 15 90 29 88 61 33 74 88 99 87 45 66 15 90 29 88 61 33 74 88 99 74 88 99 87 45 66 15 33#55
87 45 66 15 90 29 88 61 33 74 88 99 87 45 66 15 90 29 88 61 33 74 88 99 74 88 99 87 45 66 15 33#58
87 45 66 15 90 29 88 61 33 74 88 99 87 45 66 15 90 29 88 61 33 74 88 99 74 88 99 87 45 66 15 33#59
87 45 66 15 90 29 88 61 33 74 88 99 87 45 66 15 90 29 88 61 33 74 88 99 74 88 99 87 45 66 15 33#56
87 45 66 15 90 29 88 61 33 74 88 99 87 45 66 15 90 29 88 61 33 74 88 99 74 88 99 87 45 66 15 33#57
87 45 66 15 90 29 88 61 33 74 88 99 87 45 66 15 90 29 88 61 33 74 88 99 74 88 99 87 45 66 15 33#57
87 45 66 15 90 29 88 61 33 74 88 99 87 45 66 15 90 29 88 61 33 74 88 99 74 88 99 87 45 66 15 33#55
