35 -71 74 74$
58 92 40 40$
-69 -51 85 85$
-96 -49 28 28$
0 -99 -42 -42$
91 83 15 15$
-60 76 -46 -46$
43 89 -85 -85$
-24 47 -64 -64$
-60 -99 46 46$
42 77 -93 -93$
58 74 -64 -64$
-20 74 49 49$
31 -61 16 16$
-58 -25 -79 -79$
-8 92 -65 -65$
38 -46 45 45$
-46 5 2 2$
19 57 -39 -39$
-2 -7 -97 -97$
10 -25 -7 -7$
26 -24 33 33$
12 -21 -71 -71$
44 8 99 99$
-17 -59 6 6$
94 -44 -11 -11$
98 -90 86 86$
-97 99 88 88$
-88 10 6 6$
10 87 -15 -15$
89 -68 15 15$
30 3 27 27$
-23 70 -62 -62$
70 -53 2 2$
-61 -66 -46 -46$
-34 65 27 27$
-3 18 85 85$
-43 -1 -8 -8$
3 81 -59 -59$
-6 17 -99 -99$
45 -51 -91 -91$
51 57 55 55$
-61 -25 64 64$
10 89 -43 -43$
-29 -3 -37 -37$
20 88 -25 -25$
18 43 42 42$
62 -46 -73 -73$
2 -81 -12 -12$
-48 -40 46 46$
5 71 19 19$
40 -12 100 100$
94 81 52 52$
69 -54 -75 -75$
-86 -79 11 11$
17 93 -82 -82$
21 -44 -58 -58$
63 -14 -84 -84$
-48 -28 14 14$
-38 17 -23 -23$
-2 85 -83 -83$
-59 -95 -45 -45$
65 21 73 73$
-81 -73 18 18$
-76 5 -94 -94$
-49 52 62 62$
5 79 -58 -58$
-43 44 98 98$
-81 -83 7 7$
-57 -73 -72 -72$
-1 -82 -61 -61$
25 -25 -75 -75$
-52 30 -62 -62$
46 1 25 25$
83 -70 69 69$
-96 -69 71 71$
-37 -12 -25 -25$
50 3 19 19$
-79 -86 -61 -61$
-93 74 -6 -6$
44 30 -73 -73$
98 -46 70 70$
-82 73 54 54$
78 79 62 62$
-3 -24 -37 -37$
-91 -97 1 1$
46 96 67 67$
-88 -36 -72 -72$
-6 -30 -64 -64$
-70 67 74 74$
52 69 -41 -41$
21 -3 5 5$
-60 -10 -49 -49$
63 -15 84 84$
-69 -41 79 79$
9 -29 71 71$
-24 0 -53 -53$
14 -34 -5 -5$
-16 -57 -55 -55$
23 -18 -38 -38$
