-1.0 3.816892360025548E15
1.0 8.48692352555688E14
-1.0 4.549713350813323E15
1.0 1.10294569552992E14
1.0 7.25798295866137E14
1.0 4.70477129225867E14
-1.0 1.66381402002117E15
0.0 1.61819966540608E14
1.0 8.00885463092526E14
-1.0 2.1557713494723E15
0.0 1.353848859755548E15
-1.0 1.500118968496417E15
0.0 2.579084783658E12
1.0 3.97464719291126E14
0.0 3.16287688776981E14
1.0 1.4490364406056E14
1.0 1.061952615009328E15
1.0 5.98570098472164E14
0.0 2.40329807060395E14
-1.0 7.0771843681917E13
0.0 1.47433293831252E14
-1.0 3.287499997422784E15
0.0 2.28329531761851E15
0.0 4.02760458965235E14
0.0 1.755729971789918E15
1.0 8.7084941605275E13
-1.0 5.64267062100273E14
-1.0 6.7831330126716E13
-1.0 3.023715498573672E15
1.0 4.288616990461434E15
0.0 1.870682212288956E15
1.0 8.7834170332908E14
-1.0 1.563005888115469E15
1.0 8.2639237381956E13
-1.0 1.03256720999928E15
-1.0 5.62244174967941E14
1.0 4.06464155159106E15
1.0 8.53890160775906E14
1.0 8.33706533204172E14
-1.0 3.321368676393984E15
0.0 7.03746061274808E14
0.0 6.9719009045171E14
1.0 2.54600492523465E14
-1.0 1.47473551230885E15
0.0 8.11111328155152E14
1.0 4.33598281607375E14
1.0 2.92891201409462E14
-1.0 9.6151768127208E13
-1.0 1.575608088886972E15
0.0 1.182820915451333E15
0.0 1.35436045045981E15
1.0 4.92586440896062E14
1.0 8.94367141063362E14
1.0 1.260358587209832E15
0.0 8.14736534816871E14
1.0 2.04306030778752E15
0.0 8.119571473E11
0.0 2.766494336421465E15
0.0 6.4266620551144E13
1.0 6.39079155709722E14
1.0 1.899614432667842E15
1.0 3.12350297288064E14
1.0 5.64001046472384E14
1.0 2.43304604571458E15
1.0 2.65248230584674E14
0.0 6.9358169951307E14
1.0 1.729121950036512E15
1.0 8.5069574542476E14
0.0 3.195176125401916E15
-1.0 1.231500225500097E15
0.0 3.3436888976403E15
-1.0 1.21925319031785E14
0.0 5.52663261314879E14
0.0 5.7924004119786E14
0.0 1.797003962563488E15
1.0 5.32695115080576E14
1.0 1.27807660521995E15
-1.0 1.672424782617116E15
-1.0 2.16723216135384E14
1.0 2.40108747048981E14
1.0 2.333676042697322E15
1.0 2.7739960911075E13
1.0 2.3007450764784E13
0.0 4.059138296385774E15
-1.0 3.6971630828486E14
-1.0 4.8975770229087E13
-1.0 1.485925037273718E15
1.0 4.60255538190288E14
-1.0 3.22173723041176E14
-1.0 3.511777075754363E15
-1.0 4.0958262925775E14
-1.0 2.264464592214058E15
-1.0 1.569462605380096E15
1.0 1.85988553800336E14
1.0 3.39202180304188E15
-1.0 1.26478025483729E15
1.0 1.72341745174714E15
-1.0 9.36011005947066E14
1.0 2.123822105572388E15
0.0 1.146020957970392E15
