-1.0 2.431819488051E14
-1.0 3.00545530368268E14
-1.0 8.38044998724228E14
-1.0 8.34127585341804E14
-1.0 1.599524605630954E15
-1.0 1.49545302781779E14
-1.0 9.8366736950144E14
-1.0 3.0816884091709E14
-1.0 1.54695969076293E15
-1.0 6.71625861411508E14
-1.0 1.614951706862592E15
-1.0 1.04524642147707E15
-1.0 6.492590634849E14
-1.0 1.39730245654E15
-1.0 2.277506739766185E15
-1.0 3.0901428523144E15
-1.0 1.8020715026678E14
-1.0 1.6036760811645E13
-1.0 2.063744847385752E15
-1.0 1.81288839890643E14
-1.0 7.15486717912809E14
-1.0 2.86307684364119E14
-1.0 3.3209515911792E13
-1.0 2.739486056085282E15
-1.0 2.626920873646645E15
-1.0 6.24646060241841E14
-1.0 2.460356864853152E15
-1.0 2.9913089115628E13
-1.0 1.474613698722718E15
-1.0 3.26124225261294E14
-1.0 9.84223361064775E14
-1.0 1.19895762580454E15
-1.0 2.053783137863979E15
-1.0 1.639840300521224E15
-1.0 2.6362537606258E14
-1.0 3.599568688551E12
-1.0 1.466894952390132E15
-1.0 9.5161099755398E14
-1.0 1.699954976574945E15
-1.0 1.977818424572856E15
-1.0 9.0250451056125E14
-1.0 6.14321854704852E14
-1.0 5.03196399251314E14
-1.0 5.11383298362988E14
-1.0 1.487470571691874E15
-1.0 1.49004542615904E15
-1.0 1.514420662520675E15
-1.0 3.75590234946519E14
-1.0 8.53095302934528E14
-1.0 1.59278740839763E15
-1.0 3.453631216348144E15
-1.0 3.345011805070683E15
-1.0 2.64229164985185E14
-1.0 8.8518035547504E14
-1.0 5.00409333139466E14
-1.0 5.08163927849277E14
-1.0 9.706048212825E14
-1.0 3.24060078856416E14
-1.0 9.078367689525E13
-1.0 1.02669480709928E15
-1.0 1.01699776470348E15
-1.0 2.55345364059156E15
-1.0 2.28537438683445E14
-1.0 2.537705746764E15
-1.0 6.03851503833243E14
-1.0 1.50455832118475E14
-1.0 7.38902073611588E14
-1.0 5.8463882488326E14
-1.0 1.982195258303524E15
-1.0 3.58348227326336E14
-1.0 2.83016470592035E14
-1.0 3.442045937245876E15
-1.0 2.841097414420434E15
-1.0 5.98699778644803E14
-1.0 2.51652784661978E15
-1.0 9.7158551177124E13
-1.0 8.55794681807982E14
-1.0 5.6272688388618E14
-1.0 4.3552271333406E14
-1.0 1.11172325446728E14
-1.0 3.47142380343912E14
-1.0 1.25978438943196E14
-1.0 3.6394106010124E14
-1.0 1.217586054162222E15
-1.0 3.60414254501382E14
-1.0 7.15222961169142E14
-1.0 3.217943332921954E15
-1.0 8.6747903865657E13
-1.0 3.778821183124E13
-1.0 3.60941523243425E14
-1.0 4.97995529087503E14
-1.0 2.10270447368905E14
-1.0 1.04970374786415E15
-1.0 3.90327721719E14
-1.0 2.579350843889712E15
-1.0 2.18916324956816E14
-1.0 1.54944155188725E14
-1.0 2.289659157003493E15
-1.0 4.4406227712E12
-1.0 2.89609154984618E14
