9 128
130 17
192 33
121 100
166 18
128 111
163 16
52 33
60 136
164 56
31 202
146 82
189 47
15 210
252 2
180 13
244 3
65 70
64 123
28 41
244 2
153 36
86 54
193 50
235 14
122 48
70 46
109 83
80 123
52 29
175 69
223 2
89 132
212 24
39 21
115 82
0 174
122 21
18 212
152 86
120 26
12 109
158 71
244 1
11 175
226 5
1 67
17 203
4 143
194 37
90 64
22 91
227 9
93 66
232 17
152 83
208 7
179 28
97 138
101 52
145 85
201 29
58 16
2 7
202 37
206 14
208 5
212 11
129 63
246 3
240 1
245 5
26 18
110 135
102 148
99 4
33 196
68 94
132 88
110 124
35 166
110 38
129 91
104 101
215 38
31 89
182 58
21 109
155 47
238 4
133 51
172 41
7 52
226 18
155 12
62 23
255 0
0 133
210 40
202 48
